1538

0 1
0 2
0 3
0 4
0 5
0 6
0 7

1 2
1 4
1 5
1 8
1 9
1 10
1 11
1 12
1 13

2 4
2 19
2 88
2 145
2 146
2 411
2 412
2 425
2 436

3 105
3 117
3 318

4 13
4 19
4 93
4 105
4 198
4 723
4 771

5 3
5 4
5 11
5 12
5 19
5 22
5 53
5 55
5 58
5 69
5 94
5 117
5 187
5 188
5 472
5 800
5 842
5 873
5 899

6 19

7 19

8 4
8 19
8 219

9 4
9 401

10 4
10 78
10 296

11 3
11 4
11 18
11 19
11 41
11 55
11 58
11 61
11 67
11 76
11 93
11 117
11 153
11 187
11 188
11 286
11 318
11 335
11 472
11 597
11 641
11 684
11 698
11 702
11 705
11 709
11 710
11 711

12 4
12 117

13 4
13 11
13 19
13 42
13 53
13 58
13 69
13 76
13 83
13 105
13 159
13 198
13 472
13 545
13 803
13 1308

14 4
14 5

15 16
15 17
15 18
15 19

16 4
16 18
16 19
16 68
16 105
16 108
16 109
16 124
16 125
16 207
16 383
16 401
16 423
16 430

17 4
17 7
17 18
17 19
17 67
17 68
17 76
17 83
17 157
17 524

18 4
18 107

19 4
19 18
19 55

20 4

21 4
21 22

22 4
22 265

23 4
23 19
23 24
23 25
23 26
23 27
23 28
23 29
23 30
23 31
23 32
23 33
23 34
23 35
23 36
23 37
23 38
23 39
23 40
23 41
23 42
23 43

24 4
24 11
24 19
24 23
24 26
24 29
24 53
24 55
24 56
24 86

25 4
25 11
25 18
25 19
25 23
25 26
25 31
25 53
25 55
25 56
25 95
25 104
25 105

26 2
26 4
26 7
26 8
26 11
26 13
26 16
26 18
26 19
26 23
26 27
26 28
26 32
26 33
26 36
26 38
26 39
26 40
26 45
26 47
26 48
26 49
26 50
26 52
26 53
26 54
26 55
26 56
26 57
26 59
26 76
26 78
26 81
26 82
26 88
26 89
26 90
26 94
26 95
26 105
26 107
26 119
26 123
26 129
26 130
26 131
26 132
26 134
26 136
26 138
26 139
26 140
26 141
26 142
26 143
26 144
26 145
26 146
26 147
26 148
26 149
26 150
26 151
26 152
26 153
26 154
26 155
26 156
26 157

27 4
27 26
27 34
27 45
27 89
27 136
27 144
27 213
27 214
27 217
27 218

28 4
28 19
28 32

29 4
29 19
29 23

30 4
30 23
30 252

31 4
31 19
31 23
31 275

32 4
32 11
32 18
32 26
32 140
32 198

33 4
33 11
33 18
33 26
33 40
33 140
33 198

34 2
34 4
34 11
34 18
34 32
34 36
34 53
34 54
34 89
34 95
34 123
34 136
34 144
34 153
34 285
34 343
34 344

35 4
35 8
35 11
35 18
35 19
35 23
35 26
35 29
35 31
35 53
35 55
35 56
35 95
35 483

36 4
36 11
36 19
36 23
36 26
36 28
36 29
36 130
36 490

37 4
37 11
37 19
37 23
37 29
37 32
37 36
37 53
37 55
37 56
37 487
37 493

38 2
38 8
38 16
38 23
38 26
38 40
38 80
38 81
38 88
38 89
38 119
38 130
38 131
38 134
38 142
38 145
38 146
38 151

40 4
40 19
40 307

41 4
41 18
41 19
41 55
41 105

42 4
42 18
42 19
42 55
42 85
42 105
42 174
42 198
42 772

43 4
43 18
43 19

44 4
44 29
44 30
44 31
44 32
44 33
44 45
44 46
44 47
44 48
44 49
44 50
44 51
44 52
44 53
44 54
44 55
44 56

45 4
45 23
45 26
45 123

46 4
46 26
46 45
46 78

47 4
47 26
47 45

48 4
48 23
48 26
48 78

49 4
49 11
49 18
49 23
49 26
49 198
49 271
49 272

50 4
50 26
50 33

51 4
51 19
51 23

52 4
52 45
52 136

53 4
53 18
53 19
53 41
53 55
53 76
53 93
53 117
53 118
53 137
53 286
53 318
53 472
53 597
53 641
53 685
53 702
53 703
53 709

55 3
55 4
55 5
55 19
55 63
55 64
55 65
55 93
55 156
55 157
55 187
55 194
55 198
55 204
55 205
55 262
55 284
55 286
55 472
55 524
55 597
55 598
55 650
55 754
55 755
55 756

57 4
57 58

58 4
58 265

59 4
59 18
59 19
59 32
59 42
59 54
59 55
59 60
59 61
59 62
59 63
59 64
59 65
59 66
59 67
59 68
59 69

60 4
60 19
60 55

61 4
61 107

62 4
62 265
62 752

63 4
63 58

64 4
64 58

65 4
65 58

66 4
66 742

67 11
67 18
67 19
67 53
67 83
67 1262

68 19

69 4
69 19
69 105
69 355

70 4
70 71

71 4
71 11
71 18
71 19
71 105
71 686
71 687
71 1116

72 73

73 18
73 19
73 76
73 83
73 121
73 122
73 123
73 307
73 308
73 347
73 351
73 358
73 367
73 368

74 18
74 19
74 75
74 76

76 4
76 776

77 4
77 8
77 18
77 19
77 26
77 78
77 79

78 4
78 8
78 11
78 18
78 19
78 23
78 26
78 28
78 32
78 39
78 40
78 46
78 53
78 55
78 56
78 79
78 88
78 89
78 130
78 132
78 136
78 138
78 143
78 149
78 153
78 154
78 155
78 156
78 157
78 164
78 168
78 169
78 170
78 171

79 4
79 19
79 76
79 83

80 4
80 20

81 18
81 19
81 76
81 82
81 83

82 19
82 76
82 83

83 4
83 58

84 4
84 29
84 42
84 85

86 4

87 4
87 26
87 81
87 88
87 89
87 90

88 2
88 4
88 105
88 119
88 123
88 130
88 131
88 145
88 272
88 402

89 16
89 81
89 82
89 121
89 123
89 134
89 385
89 400

90 81
90 88

91 4
91 26
91 54

92 4
92 6
92 8
92 11
92 18
92 19
92 26
92 53
92 54
92 78
92 79
92 93
92 94
92 95

93 4
93 18
93 19
93 55
93 105
93 598

94 4
94 11
94 18
94 19
94 53
94 61
94 76
94 83
94 105
94 198
94 1357

95 4
95 18
95 19
95 53
95 76
95 83
95 170
95 318
95 355
95 1320

96 4
96 31
96 85

97 4
97 98

98 4
98 11
98 19
98 23
98 26
98 31
98 53
98 55
98 56
98 97
98 99

99 4
99 97

100 4
100 85

101 4
101 11
101 19
101 23
101 31
101 37
101 53
101 55
101 56
101 102

103 4

104 4

105 4
105 107

106 4
106 107

107 4
107 58
107 265

108 4
108 18
108 109
108 110

109 18
109 106
109 108
109 110

110 3
110 4
110 11
110 18
110 19
110 53
110 54
110 69
110 106
110 111
110 112
110 113
110 114
110 115
110 116
110 117
110 118

111 110

112 18
112 110

113 4
113 107

114 3
114 4
114 105
114 117
114 203
114 472
114 676
114 677

115 4
115 117

116 4
116 105
116 117
116 118
116 203
116 472
116 676
116 677

117 4
117 58

118 105
118 318

119 4
119 16
119 17
119 18
119 19
119 42
119 108
119 120
119 121
119 122
119 123

120 16
120 124
120 125

121 4
121 11
121 19
121 53
121 73
121 76
121 83
121 307
121 308
121 345
121 346
121 347

122 19
122 121
122 307
122 354
122 371
122 377

123 4
123 8
123 19
123 40
123 122

124 18
124 19
124 40
124 105
124 123
124 125
124 170
124 410
124 414
124 416
124 417
124 420
124 422
124 423
124 427
124 435
124 438

125 19
125 40
125 123
125 124
125 170
125 410
125 416
125 423

126 45

127 47

128 4
128 8
128 13
128 40
128 54
128 78
128 119
128 123
128 129
128 130
128 131
128 132

129 2
129 4
129 18
129 19
129 40
129 57
129 58
129 69
129 94
129 114
129 151
129 174
129 175

130 3
130 4
130 11
130 13
130 18
130 19
130 53
130 61
130 67
130 68
130 94
130 116
130 117
130 121
130 122
130 151
130 174
130 203
130 204
130 299
130 301
130 302
130 303
130 306
130 312
130 313
130 314
130 315
130 316
130 317
130 318
130 319
130 320
130 321

131 4
131 88
131 122
131 130
131 299
131 301
131 302
131 310

132 563

133 2
133 81
133 88
133 90
133 134

134 2
134 82
134 88
134 89
134 310
134 385

135 2
135 18
135 61
135 80
135 81
135 87
135 88
135 90
135 134
135 136
135 137

136 1
136 4
136 8
136 11
136 13
136 18
136 19
136 23
136 26
136 27
136 28
136 32
136 34
136 40
136 41
136 50
136 52
136 53
136 55
136 56
136 77
136 78
136 79
136 81
136 89
136 90
136 95
136 123
136 129
136 132
136 147
136 151
136 153
136 157
136 159
136 214
136 284
136 285
136 286
136 297
136 472
136 549

137 4
137 107

138 4
138 13
138 58
138 159

139 9
139 11
139 18
139 26
139 38
139 39
139 40
139 53
139 54
139 58
139 192
139 230
139 239
139 240
139 241
139 244
139 247

140 4
140 26
140 45
140 198

141 49
141 56

142 4
142 26
142 45
142 123

143 26
143 78
143 136

144 4
144 137

145 2

147 13
147 19
147 23
147 26
147 458

148 123
148 271
148 272
148 320

149 79

150 4
150 18
150 26
150 28
150 37
150 78
150 105
150 107
150 486
150 505

151 2
151 4
151 5
151 8
151 10
151 16
151 18
151 19
151 21
151 23
151 24
151 25
151 26
151 27
151 34
151 35
151 37
151 40
151 55
151 56
151 58
151 63
151 64
151 67
151 68
151 69
151 78
151 79
151 87
151 89
151 98
151 101
151 114
151 129
151 130
151 131
151 132
151 136
151 145
151 146
151 150
151 152
151 159
151 175
151 176
151 187
151 188
151 203
151 205
151 207
151 226
151 227
151 228
151 229
151 234
151 255
151 261
151 293
151 332
151 343
151 401
151 466
151 472
151 477
151 486
151 496
151 515
151 528
151 531
151 534
151 538
151 545

152 4
152 7
152 11
152 19
152 42
152 53
152 54
152 94
152 95
152 105
152 194
152 205
152 563
152 643

153 699

154 4
154 19
154 105
154 117
154 118
154 660
154 661
154 691
154 697

155 4
155 19
155 117
155 118
155 661
155 662
155 691
155 697

156 11
156 19
156 53
156 67
156 76
156 83
156 862
156 1207
156 1324

157 19

158 39
158 45
158 46
158 78
158 95

159 3
159 4
159 13
159 18
159 19
159 22
159 42
159 55
159 58
159 94
159 95
159 105
159 171
159 187
159 198
159 214
159 316
159 545
159 752
159 1447

160 81
160 88
160 90

161 124
161 125

162 16
162 17

163 26
163 46
163 164

164 46
164 56

165 40
165 164

166 26
166 139

167 26

168 4
168 7
168 18
168 19
168 23
168 26
168 27
168 32
168 34
168 39
168 47
168 59
168 69
168 70
168 78
168 136
168 143
168 152
168 156
168 157
168 206
168 207
168 209
168 212
168 218
168 285
168 319
168 470
168 471
168 472

169 8
169 19
169 23
169 26
169 33
169 40
169 50
169 129
169 254

170 4
170 318

171 4
171 18
171 19
171 58
171 66
171 187
171 263
171 264
171 265
171 472
171 526
171 759
171 799
171 823

172 26

173 18
173 26
173 78
173 136
173 143

174 4
174 18

175 3
175 4
175 18
175 19
175 94
175 117
175 118
175 154
175 155
175 184
175 198
175 202
175 661
175 691
175 1075

176 4
176 19

177 176

178 3
178 4
178 18
178 19
178 55
178 58
178 105
178 117
178 179
178 180
178 181
178 182
178 183
178 184
178 185
178 186
178 187
178 188
178 189
178 190

179 4
179 19
179 83
179 117
179 180
179 181
179 195
179 196
179 197

180 4
180 6
180 7
180 19
180 83
180 94
180 157
180 181
180 198

181 4
181 58

182 3
182 105
182 318

183 18
183 117
183 185
183 318

184 3
184 4
184 22
184 105
184 185
184 694
184 695
184 696

185 18
185 19
185 105
185 117

186 4
186 18
186 117
186 185
186 318

187 3
187 4
187 5
187 6
187 18
187 19
187 22
187 41
187 55
187 67
187 68
187 94
187 95
187 117
187 137
187 156
187 157
187 188
187 203
187 265
187 284
187 286
187 319
187 472
187 746
187 753
187 754
187 756
187 757
187 758
187 759
187 760
187 761
187 762
187 763
187 764

188 4
188 58
188 265

189 4
189 18
189 19
189 190
189 198
189 318
189 401
189 901
189 902
189 903
189 904
189 910
189 913
189 918
189 923
189 928
189 933
189 936
189 937

190 4
190 18
190 19
190 318
190 401
190 901
190 902
190 903
190 904
190 910
190 977
190 978

191 19

192 4
192 68
192 178

193 4
193 178
193 194

194 19

195 196
195 197

196 19

197 19

198 4
198 11
198 19
198 769
198 771

199 4
199 19
199 176
199 178
199 186
199 200

200 58
200 178

201 4
201 5
201 7
201 12
201 18
201 19
201 58
201 67
201 68
201 105
201 117
201 156
201 157
201 178
201 179
201 181
201 184
201 187
201 188
201 194
201 198
201 202
201 203
201 204
201 205
201 206
201 207

202 4
202 18
202 117
202 185
202 198
202 318

203 4
203 5
203 11
203 18
203 19
203 22
203 53
203 105
203 117
203 205
203 319
203 472
203 678
203 679
203 680
203 681
203 682

204 19
204 789
204 790

205 11
205 18
205 19
205 53
205 76
205 83
205 318
205 1320

206 11
206 19
206 53
206 76
206 83
206 318
206 355
206 1326

207 18
207 19
207 789
207 1262

208 19
208 178

209 26
209 38
209 78
209 136
209 173

210 23
210 168
210 211

211 23
211 274

212 7
212 23
212 26
212 27
212 32
212 34
212 38
212 39
212 47
212 52
212 59
212 78
212 136
212 157
212 168
212 206
212 211
212 213
212 214
212 215

213 4
213 19
213 22
213 23
213 26
213 55
213 78
213 107
213 171
213 187
213 214
213 261
213 262
213 263
213 264
213 265

214 4
214 58

215 19

216 26

217 4

218 19
218 23
218 26
218 206
218 211
218 213
218 214
218 274

219 19
219 76
219 83

220 8

221 40
221 79

222 4
222 44
222 53
222 56
222 223
222 224
222 225

223 225
223 232

224 225
224 232

225 40
225 43
225 232

226 2
226 7
226 11
226 18
226 19
226 26
226 40
226 43
226 53
226 129
226 140
226 194
226 208
226 227
226 228

227 11
227 18
227 26
227 40
227 53
227 54
227 140
227 205
227 226
227 228
227 230

228 2
228 4
228 9
228 11
228 19
228 26
228 40
228 41
228 53
228 54
228 55
228 56
228 58
228 107
228 129
228 151
228 192
228 208
228 223
228 224
228 225
228 226
228 227
228 232
228 234
228 235
228 236

229 56
229 226

230 4
230 58

231 223
231 224
231 225

232 2
232 11
232 18
232 19
232 26
232 40
232 53
232 54
232 105
232 129
232 178
232 200
232 208
232 223
232 224
232 225
232 226
232 228
232 230
232 233
232 234

233 56
233 223
233 224
233 225

234 2
234 40
234 129
234 232

235 4
235 137

236 26
236 33
236 227
236 228
236 249
236 250

237 56
237 223

238 239
238 240

239 18
239 40
239 105
239 178
239 194
239 240
239 241

240 43
240 241

241 26
241 54
241 139
241 178
241 194
241 208
241 235
241 242

242 139
242 178
242 208

243 19
243 178
243 208

244 18
244 40
244 105
244 178
244 194
244 208
244 240
244 241

245 8
245 26
245 29
245 40
245 42
245 58
245 79
245 123
245 151
245 246

246 29
246 56

247 139

248 56
248 239
248 240
248 244

249 33
249 56

250 33
250 56

251 19
251 53
251 54
251 117
251 118

253 30
253 56

254 23
254 56

255 23
255 254
255 256

257 45

258 45
258 56

259 46

260 23

261 4
261 19
261 22
261 23
261 26
261 29
261 32
261 33
261 36
261 38
261 39
261 47
261 49
261 52
261 58
261 140
261 142
261 187
261 211
261 213
261 214
261 218
261 264
261 273
261 274
261 282
261 283
261 284
261 285
261 286
261 287

262 4
262 19
262 55
262 58
262 198
262 649

263 22

264 4
264 105
264 154
264 171
264 263
264 265
264 472
264 526

265 4
265 18
265 19
265 53
265 105
265 137
265 154
265 155
265 807

266 47

267 47
267 56

268 48

269 48
269 56

270 48
270 56

271 4
271 19

272 19
272 68
272 157

273 4
273 19
273 23
273 58
273 274

275 19

276 31
276 56

277 32

278 32
278 56

279 33

280 33

281 50
281 56

282 23

283 282

284 4
284 58
284 265

285 19
285 789
285 790

286 19

287 107

288 51
288 56

289 52

290 52
290 56

291 52
291 56

292 52
292 56

293 4
293 11
293 18
293 27
293 34
293 294
293 295

294 4
294 295

295 4
295 203

296 4
296 8
296 11
296 26
296 78
296 79

297 26
297 78

298 18
298 19
298 299

299 19

300 19
300 61
300 301

302 19
302 61
302 121

303 4
303 58

304 18

305 122

306 121
306 122
306 123
306 130
306 302
306 304
306 305
306 307
306 308

307 19
307 76
307 83

308 75
308 121
308 122
308 123
308 307

309 18
309 122
309 304
309 310

310 2
310 4
310 17
310 19
310 68
310 88
310 89
310 119
310 121
310 123
310 145
310 272
310 302
310 306
310 385
310 386
310 387
310 388
310 389

311 2
311 19
311 61
311 122
311 309
311 310

312 4
312 18
312 19
312 22
312 61
312 68
312 73
312 76
312 83
312 94
312 121
312 122
312 130
312 271
312 272
312 301
312 302
312 308
312 309
312 310
312 328
312 338
312 339
312 340

313 18
313 53
313 54
313 121

314 4
314 9
314 13
314 22
314 40
314 41
314 63
314 64
314 123
314 130
314 188
314 310
314 385
314 400

316 3
316 18
316 117
316 318
316 658

317 4
317 19
317 55
317 85
317 769

318 4
318 107

319 4
319 107

320 4
320 19
320 54
320 67
320 68
320 335

321 4
321 18
321 19
321 76
321 83
321 105

322 4
322 19
322 68
322 121
322 313
322 317
322 323

323 4
323 19
323 55
323 85
323 769

324 18
324 272
324 298
324 302
324 312
324 325
324 326

325 18
325 19
325 22
325 61
325 68
325 83
325 94
325 130
325 272
325 298
325 301
325 302
325 309
325 312
325 326
325 328
325 331
325 338
325 342

326 3
326 4
326 5
326 13
326 18
326 19
326 76
326 83
326 117
326 159
326 204
326 286
326 299
326 321
326 545
326 1265
326 1266

327 4
327 130

328 4
328 18
328 19
328 61
328 198

329 4

330 19
330 61
330 122
330 308
330 309
330 310

331 18
331 19
331 61
331 66
331 68
331 94
331 95
331 151
331 272
331 332
331 333

332 18
332 68

333 4
333 19

334 4
334 19
334 41
334 42
334 67
334 68
334 317
334 320
334 335

335 4
335 699

336 304

337 271

338 4
338 18
338 19
338 41
338 42
338 61
338 68
338 73
338 121
338 122
338 130
338 198
338 272
338 301
338 302
338 304
338 308
338 309
338 310
338 317
338 331
338 336
338 342

340 4
340 18
340 19
340 58
340 95
340 105
340 156
340 198
340 320
340 333

341 4
341 67
341 68
341 76
341 122
341 130
341 301
341 302
341 308
341 310
341 338

342 4
342 18
342 19
342 41
342 42
342 61
342 198
342 328

343 4
343 6
343 11
343 32
343 36
343 37
343 53
343 95
343 486
343 487
343 488

344 2
344 4
344 123
344 343

345 4
345 58

346 4

347 4

348 122
348 349

349 4
349 323

350 122
350 351

351 4
351 317
351 349

352 18
352 121
352 122
352 219
352 307
352 346
352 349
352 353
352 354

353 121
353 352
353 355

354 19
354 76
354 83
354 121
354 122
354 123
354 219
354 307
354 308
354 349
354 358

355 4
355 107

356 95
356 121
356 355

357 6
357 19
357 95
357 121
357 122
357 123
357 307
357 308
357 349
357 356
357 358

358 18
358 355

359 122
359 307
359 346
359 349

360 122
360 307
360 347
360 351

361 19
361 76
361 83
361 121
361 122
361 123
361 307
361 308
361 349
361 358
361 362

362 121
362 355
362 361

363 122
363 349

364 122
364 351

365 121
365 354
365 366

366 121
366 355
366 365

367 73
367 121

368 4
368 107

369 122
369 307
369 346
369 349

370 122
370 307
370 347
370 351

371 19
371 76
371 83
371 121
371 122
371 123
371 307
371 308
371 349
371 372

372 121
372 355
372 371

373 122
373 307
373 346
373 349

374 122
374 307
374 347
374 351

375 19
375 76
375 83
375 121
375 122
375 123
375 307
375 308
375 358
375 376

376 121
376 355
376 375

377 121
377 122
377 355

378 122
378 349

379 122
379 351

380 121
380 354
380 381

381 121
381 355
381 380

382 16
382 119
382 121
382 124
382 285
382 307
382 345
382 383

383 4
383 16
383 18
383 19
383 61
383 108
383 124
383 125
383 401
383 423
383 434
383 435

384 16
384 17
384 105
384 119
384 121
384 122
384 123
384 307
384 382

385 2
385 4
385 16
385 18
385 19
385 40
385 88
385 94
385 95
385 108
385 123
385 124
385 125
385 170
385 310
385 314
385 383
385 409
385 410
385 415
385 423
385 426
385 427

386 16
386 17
386 122
386 307
386 385

387 4
387 17
387 19
387 95
387 448

388 4
388 16
388 19
388 95
388 123
388 124
388 125
388 423

389 4
389 18
389 19
389 67
389 285

390 26
390 88

391 26
391 88

392 26
392 39
392 88

393 26
393 39
393 88

394 26
394 39
394 88

395 26
395 88

396 26
396 88

397 26
397 39
397 88

398 89

399 81
399 82

400 4
400 16
400 89
400 123
400 136
400 220
400 398
400 401

401 4
401 107

402 40
402 75
402 121
402 122
402 123
402 307
402 318

403 19
403 76
403 79
403 83

404 4
404 8
404 18
404 19
404 26
404 40
404 78
404 79
404 94
404 123
404 403

405 4
405 8
405 18
405 26
405 78
405 79

406 16
406 17
406 18
406 19
406 76
406 105
406 121
406 122
406 123
406 124
406 125
406 307
406 310
406 385
406 407
406 408
406 409
406 410

407 16
407 17
407 18
407 19
407 40
407 105
407 108
407 109
407 110
407 122
407 124
407 125
407 307
407 310
407 385
407 409
407 423
407 426

408 4
408 107

409 4
409 16
409 18
409 19
409 124
409 125
409 383
409 385
409 401
409 415
409 423
409 438
409 439

410 4
410 107

411 16
411 19
411 412

412 4
412 16
412 18
412 19
412 94
412 425

413 17
413 18
413 122
413 124
413 125
413 307

414 18
414 19
414 170
414 410
414 415
414 416
414 417
414 418
414 419
414 420
414 421
414 422
414 423

415 18
415 19
415 170
415 410
415 416
415 417
415 418
415 419
415 420
415 421
415 422
415 423

416 18
416 19
416 170

417 416

418 416

419 416

420 416

421 416

422 18
422 105
422 416

423 18
423 19
423 416

424 16
424 18
424 76
424 105
424 125
424 383
424 385
424 409
424 417
424 420
424 425

425 4
425 16
425 19
425 76
425 83
425 94

426 16
426 18
426 19
426 108
426 109
426 124
426 125
426 401
426 415
426 416
426 423
426 427

427 18
427 415
427 423

428 170
428 429

429 18
429 19

431 16
431 17
431 18
431 105
431 122
431 124
431 125
431 307
431 310
431 385
431 407
431 408
431 409
431 432

432 18
432 19
432 76
432 83

433 16
433 94
433 123
433 425

434 4
434 16
434 18
434 19
434 108
434 125
434 423
434 435

435 18
435 19
435 170
435 410
435 416
435 417
435 420
435 422
435 423

436 94
436 146
436 425
436 437

437 16
437 94

438 18
438 19
438 170
438 410
438 416
438 417
438 420
438 422
438 423

439 4
439 11
439 18
439 19
439 53
439 85
439 93
439 174
439 198
439 682
439 684
439 685
439 705
439 743
439 831
439 832

440 16
440 17
440 18
440 122
440 124
440 125
440 307
440 385
440 407
440 409
440 416
440 426
440 428
440 429
440 441

441 170
441 429

442 2
442 19
442 145

443 6
443 16
443 19
443 58
443 94
443 95
443 146
443 437

444 2
444 16
444 19
444 94
444 146
444 437

445 17
445 122
445 124
445 125
445 307

446 4
446 19
446 122
446 388
446 447
446 448

447 19
447 42
447 54
447 55
447 58
447 60
447 95
447 317
447 323
447 388
447 449
447 450
447 451

448 17
448 19
448 121

449 4
449 19
449 55
449 85
449 174

450 4
450 18
450 19
450 55
450 85
450 105
450 174
450 198
450 772

451 4
451 19
451 55
451 85
451 174

452 4
452 17
452 19
452 95
452 121
452 122
452 170
452 388
452 447
452 448

453 6
453 16
453 95
453 124
453 146
453 171
453 388
453 416
453 423
453 437
453 448

454 17
454 388
454 447

455 16
455 17
455 18
455 122
455 124
455 125
455 307
455 385
455 407
455 409
455 423
455 428
455 440
455 441

456 16
456 409
456 425

457 40
457 124
457 125

458 4
458 19
458 105

459 4
459 458

460 4
460 136
460 148
460 271
460 272

461 2
461 4
461 13

462 13
462 19
462 23
462 123
462 458

463 4
463 20

464 4
464 20

465 4
465 20

466 4
466 18
466 19
466 76
466 83

467 4
467 20

468 4
468 20

469 4
469 7
469 26
469 206

470 4
470 58
470 563

471 4
471 7
471 11
471 19
471 42
471 53
471 54
471 94
471 95
471 105
471 194
471 205
471 470
471 563
471 654

472 4
472 19
472 55
472 69
472 105
472 171
472 187
472 203
472 264
472 319
472 676
472 686
472 688
472 759
472 799
472 800
472 801
472 802
472 803

473 4
473 26

474 32

475 32

476 4

477 4
477 11
477 18
477 26
477 478

478 4

479 8
479 19
479 26
479 78

480 4
480 8
480 26
480 78

481 8
481 13
481 40
481 119
481 123
481 129
481 130
481 131

482 29
482 31
482 40

483 4
483 8

484 19

485 2
485 19
485 26
485 442
485 484

486 4
486 6
486 11
486 18
486 32
486 36
486 37
486 53
486 95
486 487
486 494

487 4
487 19

488 486

489 4
489 8
489 13
489 26
489 40
489 119
489 123
489 129
489 130
489 131

491 28
491 36
491 130

492 4
492 29
492 42
492 85

493 4

494 37

495 4
495 20

496 4
496 18
496 19
496 76
496 83

497 4
497 20

498 4
498 20

499 4
499 20

500 4
500 20

501 16
501 124

502 16
502 17
502 121
502 122
502 123

503 18
503 26
503 30
503 504

504 252

505 28

506 123

507 4
507 8

508 4
508 123

509 8

510 75
510 121

511 105
511 512

512 18
512 19
512 76
512 83
512 517

513 95
513 105
513 512

514 515

515 8
515 88

516 512

517 19
517 83
517 122

518 88
518 512

519 4
519 520

520 4
520 58

521 522

522 4
522 19
522 21
522 63
522 64
522 105
522 188
522 472
522 512
522 520

523 117
523 265
523 520

524 19

525 4
525 18
525 57
525 119
525 123
525 125
525 151
525 214
525 284
525 383
525 385
525 400
525 420
525 472
525 526

526 4
526 18

527 42
527 85

528 4
528 11
528 18
528 19
528 23
528 26
528 30
528 42
528 53
528 55
528 56
528 529

530 4
530 21
530 30
530 54
530 253
530 504
530 531

531 4
531 8
531 10
531 11
531 18
531 19
531 21
531 26
531 39
531 40
531 50
531 53
531 77
531 78
531 79
531 88
531 105
531 503
531 504
531 530

532 18
532 26
532 30
532 504

533 4
533 16
533 17
533 119
533 120
533 121
533 122
533 123

534 4
534 8
534 11
534 18
534 157
534 507
534 535
534 536

535 4
535 11
535 18
535 19
535 23
535 26
535 40
535 51
535 53
535 55
535 56
535 58
535 119
535 123
535 144
535 151
535 319
535 472
535 508

536 11
536 19
536 53
536 76
536 83
536 609
536 1324

537 4
537 40
537 42
537 51
537 123
537 326

538 4
538 8
538 11
538 18
538 19
538 23
538 29
538 53
538 55
538 56
538 509
538 535

539 16
539 19
539 121
539 125

540 16
540 121
540 125
540 409

541 16
541 121
541 125

542 16
542 121
542 125

543 16
543 17
543 19
543 121
543 123
543 124
543 125
543 285
543 345
543 383
543 385
543 409
543 449

544 16
544 17
544 121
544 122
544 123
544 385

545 4
545 107

546 23

547 23
547 44
547 56

548 285

550 1
550 551

551 3
551 4
551 5
551 19
551 524
551 566
551 567

552 19
552 42
552 55
552 58
552 553
552 554
552 555
552 556

553 4
553 19
553 55
553 58
553 67
553 107
553 554
553 555
553 596
553 599

554 4
554 19
554 596

555 19
555 55
555 553
555 554

556 19
556 55

557 26

558 4
558 132
558 551
558 559

559 563

560 4
560 11
560 19
560 53
560 54
560 117
560 132
560 152
560 470
560 471
560 559
560 561
560 562
560 563

561 7
561 55
561 565
561 570

562 55
562 565
562 570

563 4
563 19
563 43

564 78

565 43
565 551

566 4

568 7
568 19
568 105
568 524
568 551
568 565

569 56
569 568

570 7
570 19
570 55
570 551
570 573
570 575

571 572

572 2
572 585
572 587
572 588
572 589

573 7
573 19
573 55

574 56
574 562

575 561
575 574

576 7
576 19
576 55
576 67
576 230
576 401

577 7
577 19
577 55
577 67
577 68
577 156
577 562
577 578
577 579

578 19
578 54

579 19

580 7
580 19
580 55
580 230
580 562

581 54
581 55

582 7
582 11
582 13
582 18
582 19
582 53
582 54
582 55
582 61
582 67
582 105
582 117
582 205
582 230
582 401
582 524
582 561
582 562
582 579
582 583

583 3
583 4
583 5
583 7
583 11
583 13
583 18
583 19
583 26
583 53
583 54
583 55
583 61
583 67
583 78
583 105
583 117
583 132
583 137
583 187
583 188
583 205
583 401
583 470
583 524
583 559
583 560
583 563
583 567
583 568

584 7
584 19

585 4
585 55
585 586

586 4
586 19
586 94

587 4
587 55
587 105
587 262
587 586
587 588
587 602

588 262
588 586
588 636

589 4
589 19
589 22
589 55
589 58
589 262
589 586
589 602

590 1
590 2
590 3
590 4
590 5
590 19
590 58
590 94
590 95

591 1
591 4
591 5

592 1
592 3
592 4
592 5
592 11
592 19
592 55
592 58
592 117
592 187
592 188
592 319
592 472
592 550
592 551
592 590
592 591
592 593

593 3
593 4
593 11
593 18
593 55
593 187
593 188
593 641

594 19

595 4
595 19
595 26
595 41
595 55
595 58
595 65
595 262
595 265
595 553
595 554
595 555
595 587
595 589
595 596
595 597
595 598

596 4
596 19
596 41
596 42
596 55
596 58
596 60
596 63
596 67
596 187
596 198
596 205
596 262
596 265
596 284
596 317
596 323
596 449
596 450
596 451
596 597
596 649
596 650
596 651

597 4
597 58

598 4
598 19
598 55
598 198
598 265
598 649

599 19
599 67

600 4
600 19
600 42
600 55
600 63
600 262
600 265
600 284
600 601

601 19
601 262

602 4
602 58

603 58

604 2
604 585
604 587
604 588
604 589
604 605
604 606

605 4
605 19
605 55
605 262
605 589
605 602

606 2
606 4
606 5
606 19
606 55
606 58
606 117
606 151
606 585
606 587
606 588
606 589

607 19

608 4
608 7
608 19
608 43
608 55
608 56
608 58
608 67
608 68
608 105
608 187
608 194
608 198
608 205
608 207
608 230
608 262
608 286
608 470
608 472
608 585
608 587
608 588
608 589
608 602
608 604
608 605
608 609

609 11
609 19
609 53
609 76
609 83
609 117
609 188
609 355
609 1262
609 1317
609 1324

610 4
610 19
610 55
610 77
610 553
610 595

611 4
611 6
611 19
611 55
611 92
611 94
611 553
611 595

612 19
612 25
612 55
612 553
612 595

613 4
613 19
613 26
613 55
613 78
613 136
613 553
613 595

614 19
614 26
614 55
614 78
614 553
614 595

615 6
615 19
615 55
615 94
615 404
615 553
615 595

616 19
616 35
616 55
616 553
616 595

617 19
617 55
617 343
617 553
617 595

618 19
618 55
618 486
618 553
618 595

619 19
619 42
619 487
619 553
619 554
619 555

620 4
620 19
620 55
620 553
620 554
620 555
620 598

621 19
621 553
621 554
621 555
621 598

622 19
622 262
622 553
622 554
622 555

623 19
623 553
623 554
623 555

624 7
624 19
624 55
624 553
624 595

625 19
625 42
625 55
625 58
625 553
625 554
625 595

626 19
626 55
626 58
626 553
626 554
626 595

627 19
627 55
627 553
627 595

628 19
628 55
628 553
628 595

629 4
629 19
629 55
629 553
629 595

630 19
630 55
630 136
630 553
630 595

631 19
631 26
631 55
631 553
631 595

632 19
632 55
632 553
632 595

633 19
633 553
633 554
633 555

634 19
634 55
634 553
634 595

635 4
635 19
635 55
635 58
635 65
635 94
635 95
635 188
635 265
635 555
635 589
635 595
635 598

636 586

637 4
637 19
637 95
637 554

638 4
638 19
638 42
638 55
638 67
638 198
638 599

639 19
639 55
639 553
639 554
639 555

640 4
640 19
640 42
640 55
640 58
640 67
640 94
640 95
640 188
640 198
640 554
640 556
640 598

641 4
641 11
641 19
641 22
641 53
641 55
641 58
641 63
641 65
641 76
641 93
641 107
641 117
641 156
641 157
641 188
641 198
641 205
641 262
641 265
641 284
641 286
641 319
641 401
641 450
641 597
641 598
641 650
641 663
641 672
641 698
641 699
641 721
641 722
641 723

642 19
642 553
642 554
642 555

643 4
643 256
643 563

644 4
644 19
644 26
644 88
644 123

645 4
645 19
645 55
645 58
645 94
645 472

646 4
646 18
646 19
646 26
646 88
646 95
646 105
646 123
646 563

647 19
647 55
647 95
647 553
647 554
647 555
647 600
647 648

648 4
648 18
648 19
648 55
648 63
648 64
648 67
648 76
648 105
648 187
648 188
648 198
648 207
648 214
648 284
648 285
648 597
648 650
648 753
648 790

649 55
649 319
649 472
649 650
649 686
649 791

650 4
650 19
650 55
650 58
650 198
650 649

651 55

652 4
652 19
652 55

653 19
653 55
653 107
653 553
653 554
653 555
653 598

654 4
654 256
654 563

655 3
655 19
655 58
655 117
655 640

656 4
656 19
656 42
656 55
656 58
656 60
656 67
656 95
656 117
656 118
656 198
656 553
656 554
656 556
656 596
656 598
656 599
656 655

657 4
657 554

658 3

659 18
659 118
659 660

660 117
660 118
660 318

661 4
661 18
661 117
661 318
661 662

662 4
662 19
662 105

663 4
663 18
663 118
663 318

664 4
664 18
664 318
664 662

665 4
665 117

666 4

667 3
667 4
667 198
667 318
667 658
667 668
667 669
667 670

668 4
668 117

669 3
669 18
669 117
669 318
669 658

670 4
670 117

671 4

672 4
672 118
672 660
672 670

673 4

674 4
674 7
674 67
674 68
674 157

675 203

677 189
677 946
677 953
677 954

678 4
678 203

679 4
679 5
679 11
679 18
679 19
679 53
679 54
679 76
679 117
679 189
679 190
679 198
679 335
679 680
679 696
679 811
679 812

680 4
680 18
680 58
680 105
680 198

681 4
681 319
681 686

682 11
682 18
682 53
682 93
682 684
682 685
682 705

683 6
683 11
683 18
683 53
683 93
683 95
683 194
683 205
683 319
683 684
683 685
683 686
683 687

684 4
684 19
684 641

685 4
685 19

686 4
686 19
686 472
686 687

687 4
687 198
687 355
687 686

688 4
688 11
688 18
688 19
688 53
688 105
688 117
688 198
688 203
688 683
688 686
688 687

689 4
689 114
689 184
689 203
689 676

690 4
690 116
690 203
690 676
690 691

691 4
691 22
691 105
691 118
691 662
691 694
691 695
691 728

692 185

693 4
693 662

694 4
694 117

695 4
695 7
695 13
695 18
695 19
695 22
695 55
695 68
695 156
695 157
695 187
695 189
695 190
695 286
695 319
695 355
695 401
695 609
695 696
695 728
695 772
695 811
695 817
695 818
695 981
695 982

696 4
696 18
696 137
696 189
696 190
696 401
696 695
696 812
696 903
696 904
696 979
696 980

697 4
697 117

698 4
698 699

699 4
699 117

700 3
700 105
700 117
700 318
700 658

701 4
701 18
701 185
701 202

702 4
702 699

703 4
703 699

704 3
704 4
704 117
704 137
704 170
704 198
704 667
704 668
704 670
704 705

705 4
705 699

706 4
706 18
706 19
706 55
706 93
706 641

707 170

708 19
708 76
708 188

710 4
710 58
710 265
710 699

711 4
711 742

712 3
712 668

713 335

714 4
714 118
714 670
714 672

715 19

716 4
716 18
716 19
716 55
716 93
716 117
716 641

717 19

718 19
718 137
718 214
718 286

719 19
719 55
719 61
719 76
719 93
719 105
719 205
719 598

720 4
720 19
720 55
720 93
720 198

721 4
721 18
721 19
721 83
721 154
721 663
721 722
721 1109
721 1110
721 1199

722 4
722 1121

723 19

724 4
724 262
724 598
724 650
724 725

725 4
725 55

726 727

727 4
727 71

728 4
728 18
728 137
728 189
728 190
728 285
728 695
728 696
728 811
728 812
728 903
728 904
728 979
728 980

729 3
729 105
729 117
729 171
729 214
729 318
729 697
729 730

730 105
730 117
730 118
730 318
730 729

731 117
731 171
731 185
731 214
731 318
731 697
731 732

732 105
732 117
732 318
732 662
732 731

733 18
733 117
733 170
733 185
733 318
733 692

734 4
734 18
734 105
734 117
734 198
734 203
734 472
734 668
734 676
734 677

735 3
735 6
735 22
735 95
735 105
735 117
735 318

736 3
736 4
736 105
736 137
736 185

737 3
737 4
737 105
737 318

738 4
738 18
738 198
738 318
738 662

739 4
739 117

740 4
740 198
740 203
740 319
740 472
740 674
740 678

741 4
741 742

742 4
742 752

743 4
743 107

744 4
744 107

745 4
745 19
745 22
745 265

746 4

747 4

748 4

749 4

750 4

751 4
751 752

752 4
752 22

753 4
753 752

754 4
754 5
754 12
754 19
754 55
754 67
754 68
754 114
754 117
754 174
754 187
754 203
754 286
754 782
754 783
754 784

755 6
755 11
755 19
755 53
755 54
755 55
755 67
755 68
755 93
755 94
755 194
755 205
755 319
755 686
755 687
755 760
755 1115
755 1200
755 1201
755 1202
755 1203

756 4
756 6
756 19
756 95
756 187
756 198
756 319
756 472
756 686
756 687
756 755
756 761
756 1204

757 4
757 19
757 55
757 650
757 763

758 4
758 752

759 19
759 95
759 105
759 472
759 681
759 686
759 756

760 4
760 19
760 703
760 1118
760 1127

761 4
761 5
761 11
761 19
761 53
761 94
761 117
761 182
761 188
761 198
761 760
761 781
761 801
761 1118
761 1119
761 1120

762 4
762 58
762 265

763 19

764 19
764 95
764 287

765 4
765 55

766 262

767 19

768 4
768 19
768 55
768 758

769 4
769 19
769 174
769 198
769 770
769 771
769 772

770 4
770 18
770 198

771 4
771 318

772 19
772 171
772 401

773 4
773 107

774 19
774 171
774 772

775 4
775 742

776 4
776 22

777 682

778 4
778 107

779 4
779 752

780 4
780 742

781 4
781 776

782 4
782 7
782 18
782 19
782 67
782 68
782 117
782 157
782 198
782 524
782 672
782 1381
782 1382

783 3
783 4
783 182
783 316
783 663
783 784
783 868
783 1383
783 1387
783 1391

784 3
784 4
784 7
784 19
784 58
784 67
784 68
784 117
784 118
784 198
784 672
784 782

785 3
785 118

786 171
786 214
786 264

787 19
787 171
787 214
787 264
787 265
787 286
787 788
787 789

788 19
788 789
788 790

789 18
789 790

790 19
790 171
790 264
790 789

791 4
791 71

792 4
792 198
792 793

793 4
793 55
793 262
793 598
793 650

794 4
794 107
794 265

795 19
795 789
795 790

796 790

797 4
797 171
797 214
797 264
797 789

798 3
798 4
798 18
798 55
798 69
798 105
798 118
798 171
798 203
798 318
798 319
798 472
798 758
798 785
798 799

799 4
799 71

800 4
800 7
800 19
800 22
800 41
800 58
800 63
800 64
800 67
800 188
800 214
800 319
800 472
800 762
800 857
800 859
800 864
800 866

801 4
801 11
801 18
801 19
801 41
801 53
801 58
801 69
801 105
801 198
801 318
801 686
801 687
801 800
801 866
801 886

802 4
802 71

803 4
803 11
803 18
803 19
803 53
803 71
803 105
803 198
803 686
803 687
803 1446

804 7
804 18
804 19
804 105
804 137
804 156
804 171
804 214

805 19
805 171

806 4
806 776

807 4
807 19

808 682

809 19
809 723

810 4
810 22
810 189
810 190
810 695
810 696
810 811
810 812

811 117

812 4
812 401
812 903
812 904
812 984
812 985

813 4
813 22
813 189
813 190
813 695
813 728
813 811
813 812

814 4
814 665

815 4
815 22
815 665

816 4
816 19
816 22
816 204
816 694
816 695
816 772
816 817
816 818

817 4
817 18

818 4
818 18

819 4

820 4

821 3
821 4
821 18
821 19
821 22
821 55
821 58
821 105
821 114
821 116
821 154
821 175
821 286
821 316
821 472
821 659
821 799
821 803

822 18

823 19

824 19
824 285

825 117
825 214

826 3
826 4
826 19
826 114
826 116
826 117
826 118
826 171
826 316
826 526
826 659
826 676
826 785

827 4
827 776

828 4
828 753

829 4
829 752

830 4
830 11
830 18
830 19
830 85
830 174
830 198
830 439
830 705
830 743

831 439
831 832

832 4
832 439
832 743
832 833

833 4
833 439
833 832

834 4
834 472
834 800
834 835
834 836

835 4
835 71

836 4

837 4
837 838

838 4
838 117

839 4
839 838

840 4
840 841

841 19
841 55
841 842

842 3
842 4
842 5
842 19
842 22
842 55
842 58
842 68
842 69
842 94
842 105
842 118
842 137
842 187
842 188
842 472
842 686
842 841
842 890
842 891

843 18
843 105
843 800
843 844
843 845

844 4
844 11
844 18
844 19
844 335
844 800
844 845
844 866

846 847

847 676
847 800
847 843
847 845
847 848

848 4
848 6
848 19
848 105
848 355
848 800

849 4
849 18
849 19
849 22
849 41
849 42
849 55
849 58
849 105
849 117
849 319
849 472
849 762
849 763
849 800
849 838
849 843
849 844
849 845
849 847
849 850
849 851

850 18
850 19
850 41
850 42
850 676
850 800
850 838
850 843
850 844
850 845
850 847
850 848

851 189
851 845
851 849
851 951
851 952

852 4
852 5
852 55
852 187
852 472

853 4

854 3
854 4
854 5
854 58
854 107
854 117
854 174
854 472
854 686
854 801
854 842
854 855

855 4
855 117

856 4
856 800
856 857

857 4
857 19
857 800

858 4
858 800
858 856
858 859

859 4
859 11
859 19
859 198
859 335
859 800

860 19

861 4
861 7
861 19
861 206
861 862

862 19
862 67
862 1359

863 800

864 19

865 4
865 800

866 4
866 117

867 4
867 5
867 12
867 760
867 782
867 784
867 842
867 868
867 869

868 4
868 760
868 782
868 1383

869 3
869 4
869 19
869 117
869 182
869 203
869 667
869 784
869 868
869 1383
869 1387
869 1388
869 1389
869 1390

870 6
870 18
870 19
870 41
870 58
870 319
870 401
870 472
870 800
870 838
870 843
870 844
870 845
870 848
870 849

871 6
871 19
871 319
871 355
871 472

872 4
872 838

873 4

874 3
874 4
874 18
874 19
874 41
874 42
874 117
874 118
874 676
874 800
874 838
874 844
874 845
874 863
874 866
874 875

875 3
875 4
875 117
875 118
875 676
875 800
875 845
875 877
875 878

876 4
876 838

877 4
877 18
877 19
877 41
877 42
877 55
877 117
877 319
877 472
877 676
877 762
877 763
877 800
877 838
877 844
877 845
877 874
877 875
877 878
877 879

878 3
878 4
878 18
878 19
878 41
878 42
878 55
878 58
878 105
878 117
878 118
878 401
878 472
878 762
878 763
878 800
878 838
878 844
878 845
878 874
878 875
878 882
878 883

879 877
879 883
879 951
879 952

880 875

881 114
881 170
881 676
881 677
881 838
881 874
881 878

882 3
882 4
882 19
882 58
882 117
882 118
882 763
882 844
882 874
882 875
882 878
882 887
882 888

883 189
883 845
883 878
883 951
883 952

884 19

885 116
885 170
885 676
885 677
885 838
885 874
885 878

886 6
886 11
886 18
886 53
886 54
886 93
886 95
886 194
886 205
886 319
886 686
886 687

887 4
887 697

888 3
888 4
888 18
888 19
888 58
888 117
888 118
888 472
888 672
888 762
888 763
888 800
888 836
888 838
888 844
888 845
888 857
888 859
888 866
888 874
888 875
888 878
888 889

889 3
889 4
889 18
889 19
889 55
889 58
889 76
889 118
889 286
889 472
889 686
889 799

890 19
890 841

891 4
891 117

892 4
892 174
892 680

893 4
893 5
893 6
893 19
893 55
893 117
893 187
893 188
893 286
893 319
893 355
893 472
893 686
893 687
893 688
893 754
893 759
893 760
893 761
893 762
893 763
893 782
893 784
893 801
893 842
893 852
893 867
893 894
893 895

894 4
894 899

895 4
895 55
895 67
895 187
895 319
895 472
895 687
895 755
895 756
895 761

896 4
896 18
896 174
896 198
896 694

897 4
897 117
897 198
897 663
897 691
897 694
897 898

898 4
898 11
898 19
898 76
898 83
898 198
898 318
898 778

899 4
899 5
899 18
899 198
899 319
899 800
899 842
899 866

900 4
900 19
900 22
900 189
900 286
900 781
900 901

901 4

902 18
902 318
902 903
902 904
902 905

903 107

904 107

905 137

906 4
906 189
906 190
906 318
906 771
906 901
906 907

907 4
907 189
907 190
907 318
907 771
907 901
907 906
907 910

908 4
908 189
908 190
908 318
908 771
908 901
908 909

909 4
909 189
909 190
909 318
909 771
909 901
909 908
909 910

910 401

911 189
911 901
911 912
911 913

912 189
912 901
912 910
912 911
912 913

913 4
913 18
913 19
913 198
913 318
913 401
913 901
913 902
913 903
913 904
913 910
913 1011

914 189
914 901
914 913
914 915

915 189
915 901
915 910
915 913
915 914

916 189
916 901
916 917
916 918

917 189
917 901
917 910
917 916
917 918

918 4
918 18
918 19
918 198
918 318
918 401
918 901
918 902
918 903
918 904
918 910
918 1012

919 189
919 901
919 918
919 920

920 189
920 901
920 910
920 918
920 919

921 189
921 901
921 922
921 923

922 189
922 901
922 910
922 921
922 923

923 4
923 18
923 19
923 198
923 318
923 401
923 901
923 902
923 903
923 904
923 910
923 1017

924 189
924 901
924 923
924 925

925 189
925 901
925 910
925 923
925 924

926 189
926 901
926 927
926 928

927 189
927 901
927 910
927 926
927 928

928 4
928 18
928 19
928 198
928 318
928 401
928 901
928 902
928 903
928 904
928 910
928 1019

929 189
929 901
929 928
929 930

930 189
930 901
930 910
930 928
930 929

931 189
931 901
931 932
931 933

932 189
932 901
932 910
932 931
932 933

933 4
933 18
933 19
933 198
933 318
933 401
933 901
933 902
933 903
933 904
933 910
933 1021

934 189
934 901
934 933
934 935

935 189
935 901
935 910
935 933
935 934

936 18
936 19
936 189
936 190
936 781
936 903
936 904
936 906
936 908
936 911
936 913
936 914
936 916
936 918
936 919
936 921
936 923
936 924
936 926
936 928
936 929
936 931
936 933
936 934
936 954
936 986
936 987
936 988
936 989
936 990
936 991
936 992
936 993
936 994
936 995
936 996
936 997
936 998

937 18
937 189
937 190
937 903
937 904
937 906
937 908
937 911
937 913
937 914
937 916
937 918
937 919
937 921
937 923
937 924
937 926
937 928
937 929
937 931
937 933
937 934
937 1013

938 137

939 940

940 117

941 137

942 3
942 4
942 114
942 116
942 118
942 185
942 189
942 318
942 662
942 696
942 728
942 943
942 944

943 137

944 19
944 946
944 952
944 969
944 970

945 3
945 19
945 189
945 946

946 18
946 19
946 22
946 55
946 61
946 63
946 117
946 188
946 262
946 284
946 286
946 597
946 939
946 948

947 19
947 118
947 189
947 946

948 939

949 137

950 137

951 18
951 19
951 940
951 943
951 944
951 952
951 969
951 970
951 971

952 4
952 7
952 19
952 55
952 63
952 64
952 188
952 286
952 319
952 472
952 799
952 851
952 879
952 883
952 971
952 973

953 4
953 18
953 677

954 189
954 401
954 936

955 4

956 117

957 189

958 18

959 137

960 137

961 137

962 137

963 137

964 137

965 951
965 952

966 951
966 952

967 189

968 189

969 19
969 944
969 970

970 157
970 952

971 19
971 156
971 157
971 951
971 952
971 969
971 970
971 972

972 969
972 971

974 18

975 18

976 189

977 4
977 18
977 190
977 318
977 771
977 901
977 903
977 904
977 1014

978 4
978 18
978 190
978 318
978 901
978 910

979 22
979 58

980 4

981 4
981 7
981 472
981 695
981 799

982 19

983 18
983 42
983 67
983 68
983 285

984 4
984 811

985 4
985 811

986 189
986 190
986 907
986 909
986 910
986 912
986 913
986 915
986 917
986 918
986 920
986 922
986 923
986 925
986 927
986 928
986 930
986 932
986 933
986 935
986 936
986 999
986 1000
986 1001
986 1002
986 1003
986 1004
986 1005
986 1006
986 1007
986 1008
986 1009
986 1010

987 4
987 18
987 19
987 190
987 318
987 771
987 901
987 903
987 904
987 999

988 4
988 18
988 19
988 190
988 318
988 771
988 901
988 903
988 904
988 1000

989 18
989 19
989 901
989 903
989 904
989 913
989 1001

990 18
990 19
990 901
990 903
990 904
990 913
990 1002

991 18
991 19
991 901
991 903
991 904
991 918
991 1003

992 18
992 19
992 901
992 903
992 904
992 918
992 1004

993 18
993 19
993 901
993 903
993 904
993 923
993 1005

994 18
994 19
994 901
994 903
994 904
994 923
994 1006

995 18
995 19
995 901
995 903
995 904
995 928
995 1007

996 18
996 19
996 901
996 903
996 904
996 928
996 1008

997 18
997 19
997 901
997 903
997 904
997 933
997 1009

998 18
998 19
998 901
998 903
998 904
998 933
998 1010

999 4
999 190
999 318
999 771
999 901
999 910
999 987

1000 4
1000 190
1000 318
1000 771
1000 901
1000 910
1000 988

1001 901
1001 910
1001 913
1001 989

1002 901
1002 910
1002 913
1002 990

1003 901
1003 910
1003 918
1003 991

1004 901
1004 910
1004 918
1004 992

1005 901
1005 910
1005 923
1005 993

1006 901
1006 910
1006 923
1006 994

1007 901
1007 910
1007 928
1007 995

1008 901
1008 910
1008 928
1008 996

1009 901
1009 910
1009 933
1009 997

1010 901
1010 910
1010 933
1010 998

1011 18
1011 901
1011 903
1011 904
1011 913
1011 1015

1012 18
1012 901
1012 903
1012 904
1012 918
1012 1016

1013 189
1013 190
1013 907
1013 909
1013 910
1013 912
1013 913
1013 915
1013 917
1013 918
1013 920
1013 922
1013 923
1013 925
1013 927
1013 928
1013 930
1013 932
1013 933
1013 935
1013 937

1014 4
1014 190
1014 318
1014 771
1014 901
1014 910
1014 977

1015 901
1015 910
1015 913
1015 1011

1016 901
1016 910
1016 918
1016 1012

1017 18
1017 901
1017 903
1017 904
1017 923
1017 1018

1018 901
1018 910
1018 923
1018 1017

1019 18
1019 901
1019 903
1019 904
1019 928
1019 1020

1020 901
1020 910
1020 928
1020 1019

1021 18
1021 901
1021 903
1021 904
1021 933
1021 1022

1022 901
1022 910
1022 933
1022 1021

1023 4
1023 58
1023 1024

1024 4
1024 117
1024 265

1025 4
1025 19
1025 42
1025 55
1025 58
1025 188
1025 650
1025 1026
1025 1027
1025 1028
1025 1029
1025 1030
1025 1031

1026 4
1026 18
1026 19
1026 1028
1026 1033

1027 4
1027 11
1027 19
1027 53
1027 55
1027 63
1027 64
1027 117
1027 188
1027 1024
1027 1028
1027 1037
1027 1040
1027 1041
1027 1042

1028 19
1028 182
1028 663

1030 4
1030 58
1030 1024

1031 4
1031 118
1031 154
1031 1040

1032 4
1032 58
1032 1024

1033 19
1033 1037

1034 4
1034 58
1034 265

1035 4
1035 19

1036 4
1036 19
1036 175
1036 1028

1037 4
1037 19
1037 214
1037 666
1037 671

1038 4
1038 19
1038 42
1038 55
1038 58
1038 284
1038 472
1038 650
1038 762
1038 763
1038 1024
1038 1027
1038 1028
1038 1029
1038 1033
1038 1034
1038 1036
1038 1039

1039 4
1039 11
1039 19
1039 42
1039 55
1039 58
1039 188
1039 650
1039 1024
1039 1030
1039 1031
1039 1080
1039 1086

1040 4
1040 11
1040 19
1040 53
1040 55
1040 63
1040 64
1040 1029
1040 1042
1040 1057
1040 1080

1041 4
1041 19
1041 262
1041 1040
1041 1078

1042 4
1042 58
1042 1024

1043 1026
1043 1027
1043 1028
1043 1029

1044 1027
1044 1028
1044 1029
1044 1033

1045 1026
1045 1027
1045 1029
1045 1033
1045 1036

1046 1027
1046 1028
1046 1029

1047 4
1047 1034

1048 4
1048 1034

1049 4
1049 58

1050 4
1050 58
1050 1024

1051 4
1051 58
1051 1024

1052 1053
1052 1054
1052 1055

1053 1054

1054 4
1054 19
1054 58
1054 76
1054 117
1054 198
1054 663
1054 672
1054 721
1054 722
1054 1037
1054 1056

1055 4
1055 19
1055 41
1055 196
1055 197
1055 682
1055 1037
1055 1077

1056 4
1056 118
1056 660
1056 721

1057 4
1057 58
1057 1024

1058 3
1058 11
1058 19

1059 4
1059 53
1059 118

1060 4
1060 12
1060 105
1060 679
1060 680

1061 4

1062 4
1062 1024

1063 4
1063 58

1064 4
1064 58
1064 1065
1064 1066

1065 4
1065 878

1066 877

1067 4

1068 4
1068 1029

1069 4
1069 319

1070 472

1071 4
1071 22
1071 1024

1072 4
1072 58
1072 1024

1073 4
1073 5
1073 19
1073 55
1073 187

1074 4
1074 94
1074 117
1074 118
1074 154
1074 170
1074 174
1074 198
1074 663
1074 691
1074 1075

1075 4
1075 11
1075 18
1075 19
1075 53
1075 83
1075 204
1075 1237
1075 1289
1075 1291
1075 1292
1075 1329

1076 682

1077 4
1077 6
1077 18
1077 19
1077 682
1077 721
1077 722
1077 1109
1077 1110
1077 1206

1078 4

1079 196
1079 197

1080 401
1080 1040

1081 4
1081 5
1081 7
1081 19
1081 22
1081 55
1081 61
1081 63
1081 64
1081 187
1081 188
1081 472
1081 711
1081 752
1081 775
1081 779
1081 799
1081 1082

1082 4
1082 55
1082 187

1083 58

1084 4
1084 472
1084 838
1084 877
1084 878

1085 4
1085 58
1085 1024

1086 4
1086 58
1086 83
1086 265

1087 4
1087 58

1088 4
1088 19
1088 1080

1089 1029
1089 1078

1090 4
1090 1024

1091 4
1091 58
1091 1024

1092 4
1092 58
1092 1030

1093 4
1093 58
1093 1024

1094 4
1094 58
1094 1024

1095 4
1095 58
1095 1024

1096 19
1096 686
1096 759

1097 4
1097 6
1097 19
1097 1098

1098 4
1098 19

1099 4
1099 6
1099 1098

1100 58

1101 6
1101 1098

1102 58

1103 58

1104 1098

1105 4
1105 19

1106 4
1106 18
1106 19
1106 722
1106 1077
1106 1107
1106 1108
1106 1109
1106 1110
1106 1111

1107 1077
1107 1108
1107 1111

1108 4
1108 18
1108 19
1108 55
1108 117
1108 722
1108 1109
1108 1110
1108 1111
1108 1112
1108 1113

1109 4
1109 1121

1110 3
1110 4
1110 19
1110 55
1110 58
1110 107
1110 175
1110 187
1110 472

1112 4
1112 55
1112 1111

1113 4
1113 1121

1114 6
1114 18
1114 19
1114 319
1114 686
1114 687

1115 4
1115 19
1115 686
1115 687
1115 1114

1116 4
1116 6
1116 11
1116 18
1116 53
1116 55
1116 67
1116 68
1116 93
1116 94
1116 319
1116 686
1116 687

1117 4
1117 19
1117 182
1117 703
1117 1118
1117 1119

1118 4
1118 1121

1119 3
1119 4
1119 7
1119 18
1119 19
1119 41
1119 55
1119 63
1119 194
1119 262
1119 265
1119 284
1119 286
1119 524
1119 597
1119 760
1119 1109
1119 1110
1119 1118
1119 1123
1119 1124
1119 1125
1119 1126

1120 4
1120 1118

1121 4
1121 58

1122 4
1122 1118

1123 3
1123 4
1123 7
1123 194
1123 401
1123 524
1123 760
1123 1124
1123 1125

1124 4
1124 7
1124 19
1124 54
1124 194
1124 198
1124 703
1124 760
1124 1118

1125 4
1125 760

1126 3
1126 4
1126 5
1126 19
1126 42
1126 55
1126 58
1126 63
1126 64
1126 94
1126 95
1126 114
1126 117
1126 156
1126 175
1126 187
1126 188
1126 203
1126 265
1126 284
1126 316
1126 319
1126 472
1126 597
1126 598
1126 650
1126 722
1126 802
1126 1109
1126 1110
1126 1148
1126 1157
1126 1207

1128 4
1128 1118

1129 4
1129 1118

1130 4
1130 154
1130 155
1130 265
1130 1121

1131 4
1131 18
1131 19
1131 41
1131 55
1131 63
1131 262
1131 265
1131 284
1131 286
1131 597
1131 722
1131 1109
1131 1110
1131 1126
1131 1132

1133 19
1133 1124

1134 4
1134 19
1134 54
1134 182
1134 703
1134 1118
1134 1119

1135 1136
1135 1137
1135 1138

1136 4
1136 18
1136 105
1136 117
1136 198
1136 1127
1136 1162

1137 4
1137 18
1137 19
1137 41
1137 42
1137 76
1137 83
1137 95
1137 107
1137 117
1137 156
1137 170
1137 198
1137 205
1137 439
1137 760
1137 1075
1137 1118
1137 1122
1137 1127
1137 1128
1137 1162

1138 4
1138 7
1138 18
1138 19
1138 76
1138 83
1138 107
1138 117
1138 156
1138 198
1138 439
1138 524
1138 1075
1138 1125
1138 1162
1138 1166

1139 19

1140 4
1140 18
1140 154
1140 155
1140 265
1140 318
1140 1121
1140 1124

1141 4
1141 18
1141 19
1141 41
1141 55
1141 63
1141 262
1141 265
1141 284
1141 286
1141 597
1141 722
1141 1109
1141 1110
1141 1124
1141 1126
1141 1142

1142 1124

1143 19

1144 19
1144 760

1145 4
1145 154
1145 155
1145 265
1145 1121

1146 4
1146 18
1146 19
1146 41
1146 55
1146 63
1146 262
1146 265
1146 284
1146 286
1146 524
1146 597
1146 722
1146 1109
1146 1110
1146 1126
1146 1147
1146 1148

1147 524

1148 4
1148 1121

1149 19

1150 4
1150 19
1150 76
1150 83
1150 105
1150 198
1150 524

1151 4
1151 1121

1152 19
1152 1125

1153 3
1153 4
1153 118

1154 4
1154 19
1154 76
1154 83
1154 105
1154 198

1155 4
1155 157
1155 198
1155 1156
1155 1157
1155 1158

1156 4
1156 6
1156 7
1156 19
1156 61
1156 76
1156 83
1156 105
1156 156
1156 157
1156 194
1156 198
1156 205
1156 760
1156 1075
1156 1136
1156 1146
1156 1148
1156 1158
1156 1161
1156 1162

1157 4
1157 18

1158 3
1158 4
1158 18
1158 19
1158 118
1158 722
1158 760
1158 1075
1158 1109
1158 1110
1158 1196
1158 1197

1159 4
1159 105
1159 198
1159 1124
1159 1127
1159 1136
1159 1160

1160 4
1160 19
1160 76
1160 83
1160 105
1160 198
1160 1127
1160 1136

1161 19
1161 76
1161 83
1161 157
1161 524
1161 760

1162 4
1162 194
1162 439
1162 524
1162 760
1162 1075
1162 1098

1163 4
1163 7
1163 157

1164 4
1164 117
1164 198

1165 4
1165 19
1165 439
1165 1075
1165 1151

1166 4
1166 19
1166 157
1166 439
1166 1075
1166 1098
1166 1125
1166 1127
1166 1151
1166 1165

1167 4
1167 157

1168 4
1168 1121

1169 3
1169 4
1169 658
1169 721

1170 756

1171 19
1171 53

1172 19

1173 4
1173 19
1173 54
1173 95
1173 472
1173 1174
1173 1175

1174 4
1174 6
1174 19
1174 188
1174 472
1174 1173

1175 4
1175 1187

1176 1077

1177 439

1178 439

1179 439

1180 439

1181 439
1181 1182

1182 105
1182 439

1183 439

1184 439

1185 439

1186 4
1186 1187

1187 4
1187 1121

1188 4
1188 18
1188 19
1188 55
1188 722
1188 1109
1188 1110
1188 1189
1188 1190

1189 55
1189 1190

1191 4

1192 4
1192 1077
1192 1111
1192 1193
1192 1194

1194 401
1194 1077
1194 1111
1194 1193

1195 4
1195 18
1195 19
1195 722
1195 1077
1195 1109
1195 1110
1195 1111
1195 1193
1195 1194

1196 4
1196 1121

1197 3
1197 4
1197 118
1197 760
1197 1075

1198 4
1198 19
1198 83
1198 1199

1199 19
1199 83
1199 1168

1200 6
1200 7
1200 19
1200 355
1200 687

1201 6
1201 7
1201 11
1201 53
1201 54
1201 67
1201 68
1201 93
1201 94
1201 686
1201 687

1202 4
1202 11
1202 19
1202 53
1202 55
1202 58
1202 94
1202 105
1202 117
1202 182
1202 188
1202 205
1202 597
1202 650
1202 686
1202 687
1202 760
1202 781
1202 1118
1202 1119
1202 1120
1202 1162
1202 1203

1203 11
1203 18
1203 53
1203 67
1203 93
1203 94
1203 95
1203 205
1203 686
1203 687
1203 1202

1204 4
1204 6
1204 19
1204 58
1204 187
1204 207
1204 472
1204 686
1204 687
1204 755
1204 756
1204 761
1204 802

1205 4
1205 107

1207 156

1208 4
1208 1110

1209 4
1209 19
1209 83
1209 1077
1209 1108
1209 1111
1209 1210

1210 4
1210 19
1210 83
1210 401
1210 1077
1210 1108
1210 1111
1210 1211

1211 4
1211 1121

1212 4
1212 18
1212 19
1212 58
1212 83
1212 722
1212 760
1212 1077
1212 1108
1212 1109
1212 1110
1212 1111
1212 1162
1212 1186
1212 1210
1212 1211

1213 4
1213 11
1213 19
1213 53
1213 182
1213 663
1213 1212

1214 4
1214 19
1214 472
1214 762
1214 1157
1214 1173
1214 1174
1214 1175
1214 1193

1215 439

1216 439

1217 439

1218 4

1219 4
1219 1121

1220 4
1220 1218

1221 18

1222 439
1222 1111

1223 18
1223 105
1223 439
1223 1182
1223 1224

1224 439

1225 439
1225 1224

1226 439

1227 4
1227 1218

1228 4
1228 1121

1229 4
1229 19

1230 4
1230 1231

1231 4
1231 58
1231 1240

1232 3
1232 118

1233 3
1233 4
1233 5
1233 19
1233 185
1233 830
1233 1234
1233 1235
1233 1236
1233 1237

1234 4
1234 18
1234 1075

1235 4
1235 18
1235 1075

1236 4
1236 18
1236 19
1236 198
1236 1075

1237 4
1237 11
1237 13
1237 18
1237 19
1237 53
1237 54
1237 58
1237 76
1237 83
1237 94
1237 159
1237 198
1237 1075
1237 1292
1237 1314
1237 1329

1238 3
1238 4
1238 118
1238 185
1238 662

1239 4
1239 1240

1240 4
1240 22
1240 61
1240 1231

1241 4

1242 1240

1243 4
1243 55

1244 4
1244 175
1244 1245

1245 4

1246 4
1246 19
1246 55
1246 58
1246 95
1246 154
1246 155
1246 175
1246 187
1246 319
1246 472
1246 1231
1246 1243
1246 1247

1247 4
1247 71

1248 4

1249 3
1249 4
1249 5
1249 19
1249 185
1249 830
1249 1234
1249 1235
1249 1236
1249 1237

1250 4
1250 19

1251 3
1251 4
1251 5
1251 19
1251 185
1251 830
1251 1234
1251 1235
1251 1236
1251 1237
1251 1240

1252 4

1253 4

1254 4

1255 3
1255 4
1255 5
1255 19
1255 185
1255 830
1255 1234
1255 1235
1255 1236

1256 3
1256 4
1256 5
1256 185
1256 830
1256 1234
1256 1235
1256 1236

1257 4
1257 1240

1258 4
1258 19

1259 18
1259 19
1259 76
1259 83
1259 94
1259 95
1259 156
1259 320

1260 19
1260 156
1260 320
1260 333
1260 1261
1260 1262

1261 4
1261 19
1261 320
1261 401

1262 4
1262 19
1262 61
1262 105
1262 198
1262 401
1262 579
1262 1317
1262 1324

1263 3
1263 4
1263 114
1263 116
1263 155
1263 545
1263 667
1263 691

1264 13

1265 3
1265 4
1265 19
1265 42
1265 95
1265 299
1265 764
1265 1263
1265 1266
1265 1299

1266 4
1266 18
1266 19
1266 61
1266 299
1266 321
1266 326

1267 1268
1267 1269
1267 1270
1267 1271

1269 1270
1269 1271

1270 1268

1272 4
1272 19
1272 198
1272 205
1272 340
1272 1273

1273 4
1273 320

1274 4
1274 19

1275 4
1275 18
1275 19
1275 94
1275 198

1276 4
1276 11
1276 18
1276 19
1276 58
1276 85
1276 198
1276 323
1276 335
1276 1277
1276 1278
1276 1279

1277 4
1277 19
1277 1273

1278 4
1278 11
1278 13
1278 18
1278 19
1278 53
1278 85
1278 94
1278 159
1278 198
1278 335
1278 401
1278 439
1278 450
1278 1277
1278 1279
1278 1287
1278 1290
1278 1294
1278 1295
1278 1297

1279 4
1279 19

1280 4
1280 95
1280 198
1280 1281
1280 1282
1280 1283

1281 4

1282 4
1282 95
1282 198
1282 1281
1282 1311

1283 4
1283 19
1283 198
1283 1280
1283 1282
1283 1284
1283 1286

1284 4
1284 19

1285 4

1286 4
1286 13
1286 18
1286 19
1286 42
1286 76
1286 83
1286 159
1286 545
1286 1283
1286 1284
1286 1287

1287 4
1287 58

1288 4
1288 18
1288 19
1288 67
1288 68
1288 335
1288 1273

1289 4
1289 13
1289 18
1289 19
1289 85
1289 198
1289 545
1289 1075
1289 1237
1289 1277
1289 1278
1289 1279
1289 1287
1289 1290
1289 1291
1289 1292

1290 4
1290 19
1290 54
1290 83
1290 198
1290 320
1290 340
1290 1277
1290 1279
1290 1287

1291 4
1291 11
1291 13
1291 18
1291 19
1291 58
1291 85
1291 94
1291 105
1291 159
1291 198
1291 335
1291 771
1291 1075
1291 1237
1291 1272
1291 1277
1291 1278
1291 1279
1291 1289
1291 1292
1291 1293
1291 1294
1291 1314

1292 4
1292 13
1292 18
1292 19
1292 54
1292 76
1292 83
1292 94
1292 105
1292 204
1292 286
1292 1075
1292 1291
1292 1314

1293 4
1293 6
1293 13
1293 19
1293 54
1293 76
1293 83
1293 94
1293 95
1293 159
1293 204

1294 4
1294 11
1294 13
1294 18
1294 19
1294 58
1294 76
1294 85
1294 94
1294 105
1294 159
1294 198
1294 205
1294 323
1294 335
1294 439
1294 450
1294 1272
1294 1273
1294 1277
1294 1278
1294 1279
1294 1295
1294 1296
1294 1297

1295 4
1295 11
1295 13
1295 18
1295 19
1295 54
1295 76
1295 83
1295 94
1295 105
1295 159
1295 1297

1296 4
1296 19
1296 76
1296 83
1296 198

1297 4
1297 13
1297 18
1297 19
1297 54
1297 55
1297 63
1297 65
1297 67
1297 76
1297 105
1297 159
1297 188
1297 198
1297 286
1297 545

1298 4
1298 94
1298 95
1298 1275
1298 1299

1299 4
1299 6
1299 18
1299 42
1299 60
1299 94
1299 95
1299 198
1299 764
1299 1275

1300 19
1300 198
1300 1273
1300 1277

1301 19
1301 198
1301 1273

1302 19
1302 198

1303 1268
1303 1269
1303 1270
1303 1271

1304 4
1304 198
1304 205
1304 1287
1304 1305
1304 1306

1305 4
1305 19
1305 198

1306 4
1306 198
1306 1287

1307 4
1307 19
1307 335
1307 1273

1308 4
1308 11
1308 13
1308 18
1308 19
1308 42
1308 58
1308 85
1308 105
1308 174
1308 194
1308 198
1308 205
1308 335
1308 1075
1308 1276
1308 1277
1308 1279
1308 1287
1308 1290
1308 1291
1308 1294
1308 1295

1309 4
1309 19
1309 67
1309 68
1309 335
1309 1273

1310 95

1311 4
1311 95
1311 198
1311 1281
1311 1287
1311 1304
1311 1305
1311 1310

1312 18
1312 19
1312 22
1312 83
1312 299

1313 1268
1313 1269
1313 1270
1313 1271

1314 4
1314 11
1314 18
1314 19
1314 53
1314 1075
1314 1292

1315 4
1315 18
1315 19
1315 76
1315 321
1315 326
1315 1269

1316 1268
1316 1269
1316 1270
1316 1271

1317 4
1317 19
1317 198
1317 401

1318 19
1318 137
1318 318
1318 355
1318 1319

1319 4
1319 107

1320 19
1320 318
1320 401
1320 1317
1320 1321
1320 1322

1322 18
1322 19
1322 318
1322 355
1322 1319

1323 19
1323 137
1323 318
1323 355
1323 1319

1324 19
1324 61
1324 105
1324 1317

1325 4
1325 19
1325 579

1326 19
1326 318
1326 355
1326 1320

1327 19
1327 105
1327 1320

1328 18
1328 19
1328 170
1328 205

1329 11
1329 13
1329 18
1329 19
1329 1075
1329 1237
1329 1292

1330 18
1330 19
1330 54
1330 318
1330 1320

1331 19
1331 54
1331 318
1331 1320

1332 19
1332 54
1332 1262

1333 19
1333 54
1333 355
1333 401
1333 1324

1334 19
1334 205
1334 318
1334 682

1335 19
1335 54

1336 19
1336 54
1336 318
1336 1320

1337 4
1337 19
1337 401

1338 19
1338 54
1338 1262

1339 19
1339 54
1339 355
1339 401
1339 1324

1340 4
1340 19
1340 54
1340 105

1341 19

1342 4
1342 19
1342 54
1342 105

1343 19

1344 19

1345 19

1346 19

1347 4
1347 19
1347 54
1347 105
1347 401

1348 19
1348 401

1349 4
1349 19
1349 54
1349 105
1349 401

1350 19
1350 401

1351 4
1351 19
1351 401

1352 19

1353 19
1353 54

1354 19
1354 54

1355 19
1355 54

1356 4

1357 19

1358 19

1359 4
1359 19

1360 19
1360 1324

1361 19
1361 137
1361 355
1361 1319

1362 19

1363 19
1363 1324

1364 19

1365 19
1365 1317

1366 19
1366 355

1367 19
1367 137
1367 355

1368 4
1368 19
1368 105

1369 19
1369 1324

1370 19
1370 137
1370 355
1370 401
1370 1319

1371 19
1371 1324

1372 19
1372 1317

1373 4
1373 19
1373 137

1374 19
1374 205
1374 1324
1374 1325

1375 19
1375 137
1375 355
1375 1319

1376 11
1376 18
1376 19
1376 53
1376 76
1376 83
1376 137
1376 1262

1377 19

1378 19
1378 1324

1379 19

1380 19
1380 1317

1381 4
1381 18
1381 19
1381 105

1382 3
1382 658

1383 4
1383 18
1383 19
1383 76
1383 83
1383 105
1383 1075

1384 4
1384 1385

1385 4
1385 117

1386 107
1386 117
1386 760
1386 782
1386 784
1386 868
1386 1383

1387 4
1387 94
1387 117
1387 205
1387 663
1387 722
1387 760
1387 784
1387 868
1387 1211

1388 3
1388 784
1388 868

1389 869

1390 3
1390 4
1390 6
1390 18
1390 19
1390 76
1390 95
1390 105
1390 137
1390 203
1390 355
1390 472
1390 668
1390 1383
1390 1385
1390 1534
1390 1535

1391 3
1391 4
1391 18
1391 76
1391 105
1391 117
1391 318
1391 668
1391 669
1391 1383
1391 1385
1391 1529
1391 1534
1391 1535

1392 105
1392 118
1392 170
1392 659
1392 784
1392 1383
1392 1393

1393 4
1393 6
1393 18
1393 76
1393 94
1393 95
1393 117
1393 118
1393 318
1393 1383
1393 1385
1393 1529
1393 1531
1393 1532

1394 19

1395 19
1395 67
1395 1359

1396 19

1397 137
1397 355
1397 1319

1398 19

1399 19

1400 19
1400 137
1400 318
1400 355
1400 1319

1401 4
1401 19
1401 67
1401 105
1401 159
1401 1402

1402 19
1402 355

1403 4
1403 58
1403 1404
1403 1405
1403 1406
1403 1407

1404 3
1404 4
1404 19
1404 22
1404 55
1404 58
1404 67
1404 94
1404 95
1404 105
1404 114
1404 132
1404 152
1404 175
1404 203
1404 316
1404 472
1404 686
1404 1411
1404 1415
1404 1416
1404 1417
1404 1418

1405 4
1405 11
1405 19
1405 42
1405 53
1405 105
1405 117
1405 159
1405 265
1405 545
1405 772
1405 807
1405 1411

1406 4
1406 19
1406 58
1406 155
1406 198
1406 738
1406 1075
1406 1308
1406 1405
1406 1415

1407 4
1407 22
1407 58
1407 105
1407 118
1407 662
1407 691
1407 694
1407 1404
1407 1405
1407 1406
1407 1415
1407 1416

1408 4
1408 58

1409 4
1409 58
1409 1408

1410 4
1410 18
1410 19
1410 58
1410 67
1410 116
1410 117
1410 203
1410 319
1410 659
1410 677
1410 953
1410 1404
1410 1405
1410 1407
1410 1408
1410 1411
1410 1412

1411 4
1411 18
1411 19
1411 58
1411 159
1411 174
1411 205

1412 4
1412 19
1412 58
1412 159
1412 198
1412 265
1412 695
1412 807
1412 1075
1412 1404
1412 1405
1412 1415
1412 1416

1413 118

1414 1405

1415 4
1415 19
1415 58
1415 159
1415 545
1415 1405
1415 1416

1416 4
1416 58
1416 105
1416 1404
1416 1405
1416 1408
1416 1411
1416 1415

1417 4
1417 13
1417 18
1417 19
1417 55
1417 105
1417 159
1417 187
1417 205
1417 265
1417 285
1417 545
1417 1404
1417 1405
1417 1411
1417 1416

1418 4
1418 18
1418 71

1419 171

1420 67
1420 1417

1421 1405
1421 1416
1421 1417

1422 4
1422 18
1422 55
1422 58
1422 105
1422 107
1422 1404
1422 1405
1422 1406
1422 1411
1422 1416

1423 4
1423 18
1423 58
1423 117
1423 118
1423 659
1423 878
1423 1404
1423 1405
1423 1407
1423 1412

1424 19
1424 95
1424 105

1425 19
1425 1424

1426 43
1426 171
1426 214
1426 1427
1426 1428

1427 11
1427 43
1427 53
1427 703
1427 889

1428 4
1428 11
1428 43
1428 53
1428 703
1428 889

1429 4
1429 18
1429 19
1429 41
1429 58
1429 67
1429 69
1429 105
1429 107
1429 118
1429 137
1429 171
1429 174
1429 206
1429 286
1429 401
1429 536
1429 889
1429 1428

1430 889
1430 1427

1431 889
1431 1427

1432 4
1432 11
1432 53
1432 58
1432 265
1432 703

1433 4
1433 18
1433 198
1433 682

1434 889

1435 4
1435 19
1435 58
1435 114
1435 115
1435 116
1435 117
1435 137
1435 171
1435 198
1435 203
1435 205
1435 214
1435 286
1435 319
1435 450
1435 609
1435 762
1435 763
1435 889
1435 1417
1435 1429
1435 1432
1435 1436
1435 1437
1435 1438

1436 4
1436 11
1436 53
1436 58
1436 265
1436 703

1437 18
1437 19
1437 137
1437 1075
1437 1438
1437 1509
1437 1510

1438 19

1439 4

1440 4

1441 1427

1442 1428

1443 889

1444 3
1444 4
1444 22
1444 118
1444 137
1444 205
1444 889
1444 1429
1444 1436

1445 4
1445 186

1446 4
1446 6
1446 11
1446 18
1446 53
1446 54
1446 67
1446 68
1446 93
1446 94
1446 319
1446 686
1446 687

1447 3
1447 4
1447 19
1447 67
1447 105
1447 159
1447 175
1447 1402

1448 4
1448 18
1448 137
1448 198
1448 318
1448 1449

1449 4
1449 11
1449 67
1449 198
1449 205
1449 1448
1449 1477

1450 1448

1451 1448

1452 1448

1453 1448

1454 1448

1455 1448

1456 1448

1457 1448

1458 1448

1459 1448

1460 1448

1461 1448

1462 1448

1463 1448

1464 1448

1465 1448

1466 1448

1467 1448

1468 1448

1469 1448

1470 1448

1471 1448

1472 1448

1473 1448

1474 1448

1475 1448

1476 1448

1477 4
1477 18
1477 198

1478 1448

1479 1448

1480 1448

1481 1448

1482 1448

1483 19
1483 107
1483 1448

1484 1448

1485 1448

1486 1448

1487 1448

1488 1448

1489 1448

1490 1448

1491 1448

1492 1448

1493 1448

1494 1448

1495 1448

1496 1448

1497 1448

1498 1448

1499 1448

1500 1448

1501 1448

1502 1448

1503 1448

1504 1448

1505 1448

1506 1448

1507 4
1507 13
1507 19
1507 61
1507 76
1507 83
1507 105
1507 187
1507 204

1508 19

1509 1438

1510 171
1510 214
1510 1438
1510 1509

1511 19
1511 137
1511 355
1511 1319

1512 4
1512 19

1513 19

1514 19
1514 355

1515 19
1515 1324
1515 1512

1516 18
1516 19
1516 355
1516 1262

1517 19

1518 19

1519 4
1519 19
1519 285
1519 789

1520 19
1520 205
1520 1324
1520 1325

1521 19
1521 137
1521 355
1521 1319

1522 19

1523 19
1523 205
1523 1324

1524 19

1525 19
1525 205
1525 1317

1526 105
1526 170

1527 3
1527 658

1528 118
1528 660

1529 105
1529 170

1530 4
1530 58

1531 18
1531 105
1531 170

1532 18
1532 105
1532 117
1532 118
1532 318
1532 660
1532 1531

1533 3
1533 117
1533 182
1533 668
1533 735
1533 1527
1533 1529
1533 1534
1533 1535

1534 105
1534 170

1535 3
1535 4
1535 18
1535 105
1535 117
1535 318
1535 658
1535 668
1535 1385
1535 1530
1535 1534

1536 118
1536 1529
1536 1531
1536 1532

1537 3
1537 1385

