1194

0 104
0 280
0 1149

1 237
1 1093
1 1184

2 52
2 104
2 105
2 258
2 259
2 287
2 380
2 623
2 732
2 733
2 953
2 992
2 1006
2 1007
2 1123
2 1140
2 1182

3 880

4 658
4 879

5 1148
5 1153

6 1063
6 1068

7 231

8 674
8 841

9 804
9 1033

10 33

11 879

12 31
12 33
12 38
12 55
12 57
12 107
12 166
12 171
12 188
12 245
12 259
12 273
12 323
12 324
12 325
12 355
12 378
12 386
12 387
12 424
12 445
12 447
12 621
12 625
12 714
12 732
12 799
12 853
12 879
12 1030
12 1046
12 1058
12 1060
12 1184

13 171
13 332

14 1097

15 16
15 17
15 18
15 19
15 20
15 139
15 140
15 143
15 346

16 17
16 18
16 19
16 20
16 139
16 140
16 143
16 346

17 18
17 19
17 20
17 139
17 140
17 143
17 346

18 19
18 20
18 139
18 140
18 143
18 346

19 20
19 139
19 140
19 143
19 346

20 139
20 140
20 143
20 346

22 832

23 24
23 25
23 105
23 131
23 259
23 275
23 277
23 278
23 380
23 415
23 479
23 531
23 532
23 533
23 534
23 620
23 757
23 832
23 850
23 953
23 986
23 992
23 1006
23 1140
23 1141

24 25
24 105
24 131
24 259
24 277
24 380
24 415
24 479
24 531
24 532
24 533
24 534
24 620
24 757
24 832
24 850
24 953
24 986
24 992
24 1006
24 1067
24 1068
24 1140
24 1141

25 105
25 131
25 259
25 277
25 380
25 415
25 479
25 531
25 532
25 533
25 534
25 620
25 757
25 832
25 850
25 953
25 986
25 992
25 1006
25 1140
25 1141

26 101

27 55
27 56
27 84
27 169
27 206
27 387
27 475
27 508

28 29
28 30
28 231
28 501
28 648
28 674
28 675
28 676
28 677
28 807
28 808
28 809

29 30
29 231
29 501
29 648
29 674
29 675
29 676
29 677
29 807
29 808
29 809

30 688
30 689

31 33
31 332
31 622
31 872

32 622
32 872

33 41
33 48
33 58
33 79
33 80
33 86
33 102
33 110
33 112
33 113
33 114
33 141
33 142
33 145
33 150
33 155
33 157
33 163
33 185
33 188
33 189
33 206
33 215
33 217
33 219
33 222
33 224
33 257
33 259
33 285
33 286
33 288
33 291
33 310
33 312
33 314
33 320
33 323
33 350
33 387
33 388
33 389
33 390
33 391
33 392
33 393
33 394
33 399
33 402
33 411
33 424
33 426
33 427
33 428
33 429
33 430
33 431
33 432
33 470
33 505
33 509
33 511
33 514
33 515
33 516
33 546
33 557
33 566
33 605
33 618
33 641
33 642
33 643
33 644
33 646
33 647
33 654
33 673
33 678
33 679
33 680
33 682
33 683
33 684
33 685
33 697
33 700
33 704
33 705
33 706
33 719
33 722
33 723
33 724
33 725
33 732
33 748
33 760
33 769
33 774
33 788
33 805
33 806
33 814
33 827
33 845
33 849
33 851
33 852
33 858
33 859
33 870
33 871
33 877
33 896
33 898
33 922
33 923
33 937
33 957
33 960
33 971
33 975
33 981
33 983
33 993
33 1011
33 1014
33 1022
33 1024
33 1031
33 1041
33 1045
33 1056
33 1064
33 1074
33 1091
33 1110
33 1127
33 1130
33 1137
33 1173
33 1174
33 1191
33 1192

34 571

35 259

36 953
36 1139

38 245
38 355
38 387

39 699

40 358
40 699

42 332

43 44
43 245
43 246
43 332

44 246
44 332
44 340
44 984
44 1069

45 882
45 951

46 273

48 975
48 976

49 975

50 1113

51 120

52 104
52 105
52 258
52 259
52 287
52 380
52 623
52 732
52 733
52 953
52 992
52 1006
52 1007
52 1123
52 1140
52 1182

53 1100

54 259

55 84
55 148
55 197
55 206
55 214
55 228
55 245
55 246
55 247
55 326
55 387
55 559
55 560
55 574
55 578
55 583
55 780
55 974
55 975
55 1067

56 206
56 387
56 975

57 64
57 65
57 1181

58 429

59 1081

60 499

61 64
61 71

62 190
62 191
62 335
62 397
62 562
62 829
62 975

63 94
63 567
63 585
63 892

64 66
64 497

65 901

66 1177

67 658

69 880

70 206
70 1056

72 73
72 96
72 100
72 166
72 227
72 294
72 447
72 891
72 1080
72 1081
72 1094
72 1095
72 1096

73 227

74 104
74 133
74 134

75 82
75 133
75 178
75 380
75 587
75 638
75 753
75 754
75 839
75 1006
75 1139

76 674

77 954

78 479
78 529
78 853

79 975

80 445

81 970

82 104
82 118
82 178
82 395
82 470
82 520
82 726
82 738
82 739
82 740
82 741
82 742
82 743
82 753
82 754
82 1077

83 118
83 133
83 134
83 443

84 206
84 209
84 298
84 387
84 658
84 660
84 661
84 662
84 804
84 819
84 865
84 876
84 966
84 975
84 976
84 1052
84 1075
84 1081
84 1082
84 1094
84 1096

85 785

86 1113

87 88
87 89
87 90
87 259
87 974

88 89
88 90
88 974

89 90
89 974

90 974

91 804

92 1113

93 660

94 447
94 567
94 585
94 587
94 794
94 1184

95 33

96 100
96 166
96 294
96 891
96 1094
96 1095
96 1096

97 187

98 12
98 33
98 166
98 445

99 33
99 445
99 562
99 1081

100 33
100 71
100 166
100 294
100 580
100 891
100 893
100 901
100 1076
100 1081
100 1094
100 1095
100 1096

101 562
101 589
101 592

102 147
102 234
102 259
102 381
102 589
102 592
102 755
102 828
102 887
102 1022
102 1067
102 1081
102 1094
102 1096

103 638
103 864
103 1022

104 105
104 190
104 191
104 258
104 259
104 287
104 335
104 380
104 397
104 520
104 548
104 550
104 562
104 623
104 732
104 733
104 753
104 832
104 835
104 943
104 951
104 953
104 969
104 992
104 1006
104 1007
104 1019
104 1046
104 1078
104 1100
104 1123
104 1140
104 1181
104 1182
104 1184

105 131
105 191
105 258
105 259
105 277
105 287
105 380
105 415
105 479
105 520
105 531
105 532
105 533
105 534
105 620
105 623
105 732
105 733
105 757
105 832
105 850
105 951
105 953
105 986
105 992
105 1006
105 1007
105 1046
105 1078
105 1123
105 1140
105 1141
105 1182
105 1184

106 190
106 259
106 380
106 1019

107 259
107 714

108 151

109 149
109 1068

110 151
110 152
110 154
110 158
110 206
110 870

111 152
111 154

112 33
112 150
112 152
112 154
112 159
112 870

113 151
113 589
113 873

114 155
114 285
114 286
114 391
114 392
114 393
114 394
114 618

115 157

116 491

117 1086

118 133
118 134
118 136
118 186
118 380
118 441
118 443
118 562
118 732
118 733
118 754
118 1006
118 1139

119 824

120 380
120 443
120 477
120 551
120 753
120 839
120 953
120 1046

121 205
121 236
121 380
121 504
121 837
121 953
121 968
121 969
121 1033
121 1034
121 1105
121 1132
121 1184

122 135
122 732
122 733

123 824

124 125

125 126
125 638
125 640
125 1105
125 1132
125 1184

127 547
127 550
127 1132

128 465

129 617
129 1067

130 133
130 134
130 839
130 1184

131 259
131 277
131 380
131 415
131 479
131 531
131 532
131 533
131 534
131 620
131 757
131 832
131 850
131 953
131 986
131 992
131 1006
131 1140
131 1141

132 380
132 839

133 134
133 335
133 443
133 550
133 562
133 839
133 953
133 1046

134 443
134 828
134 839
134 1046
134 1184

135 205

136 186
136 441

137 205

138 547
138 550

139 140
139 143
139 346
139 965
139 974
139 975

140 143
140 346

141 900

143 346
143 965
143 974
143 975

144 660

145 171
145 424
145 445
145 446
145 447
145 578
145 580
145 582
145 585
145 1052

146 578
146 583
146 1089
146 1148

147 206

148 206
148 508
148 559
148 560

149 33
149 870
149 1068

150 33

151 158
151 159
151 437
151 438
151 589
151 870
151 873

152 154
152 159
152 870

153 33
153 598
153 756
153 1031

154 206
154 870

155 151
155 285
155 286
155 391
155 392
155 393
155 394
155 618

156 364
156 606
156 607
156 609
156 610

157 33
157 470

159 431

160 505

161 954

162 953

163 628
163 1035

164 421
164 628
164 658
164 1031
164 1035

165 1033

166 294
166 658
166 891
166 1094
166 1095
166 1096

167 331
167 332
167 1112
167 1113

168 669
168 770
168 936

170 397

171 189
171 194
171 270
171 313
171 415
171 424
171 425
171 445
171 447
171 580
171 581
171 582
171 585
171 658
171 659
171 660
171 661
171 670
171 795
171 796
171 832
171 879
171 891
171 1022
171 1048
171 1051
171 1081
171 1094
171 1095
171 1096
171 1100

172 400
172 875
172 929

173 195
173 460
173 554
173 799
173 804

174 189
174 273
174 431
174 976

175 494

176 494

177 520

178 589

179 674
179 675

180 241
180 242
180 491
180 494
180 757

181 660
181 879

182 658

183 447

184 976
184 978
184 1096

186 441

187 891

188 189

189 273
189 364
189 412
189 413
189 414
189 641
189 804
189 879
189 974
189 975
189 976
189 990
189 991
189 1031
189 1035

190 259
190 380
190 520
190 587
190 595
190 652
190 732
190 733
190 862
190 881
190 1006
190 1033
190 1034
190 1139
190 1184

191 237
191 349
191 380
191 520
191 587
191 652
191 732
191 733
191 832
191 862
191 953
191 1006
191 1007
191 1033
191 1034
191 1148
191 1153
191 1184

192 472
192 503
192 1114

193 553

194 445
194 447

195 235
195 302
195 307
195 335
195 397
195 462
195 463
195 466
195 467
195 502
195 503
195 520
195 562
195 794
195 832
195 839
195 851
195 953
195 1046
195 1182

196 237
196 259

197 206
197 657

198 246
198 247

199 27
199 245
199 246
199 247
199 387

200 975

201 827
201 879

202 1057

203 1056

204 975
204 976

205 732
205 733

206 362
206 387
206 508
206 552
206 626
206 669
206 728
206 737
206 975
206 976
206 978
206 1008
206 1055
206 1056
206 1068

207 839

208 803

209 298
209 300
209 660
209 661
209 662
209 674
209 677
209 876
209 966
209 967
209 975
209 1055

210 383
210 828

211 884

212 1021
212 1100

213 887

214 247
214 585
214 974
214 975
214 1067
214 1068

216 587
216 753
216 754

217 1031
217 1068

218 235
218 587

220 578

221 976

223 659

224 975

225 1184

226 409
226 825
226 826

228 246
228 574
228 583
228 848

229 559
229 560
229 613
229 1159

230 550

231 674
231 675
231 676
231 807

232 674

233 677

234 732
234 753
234 950
234 1022

235 467
235 503
235 562
235 804
235 1022
235 1139

237 307
237 308
237 397
237 477
237 520
237 562
237 732
237 733
237 753
237 840
237 864
237 953
237 1022
237 1059
237 1176

238 259
238 380
238 465
238 477
238 547
238 638
238 864

239 477

240 880

242 284
242 494

243 273
243 578
243 674

244 1184

245 326
245 355
245 387
245 721
245 742
245 848
245 973
245 974
245 975
245 976
245 978

246 340
246 793
246 794
246 797
246 848
246 887

248 249

249 974
249 1068

250 975
250 1068

251 362

252 253
252 870
252 873
252 874
252 975
252 976
252 1061
252 1062

253 873
253 874
253 975
253 976
253 1061

254 1100

255 851
255 985
255 1081

256 1193

257 399
257 704
257 957

258 259
258 287
258 380
258 623
258 732
258 733
258 953
258 992
258 1006
258 1007
258 1123
258 1140
258 1182

259 162
259 190
259 277
259 278
259 280
259 281
259 282
259 287
259 328
259 348
259 351
259 378
259 380
259 382
259 415
259 433
259 451
259 478
259 479
259 491
259 494
259 502
259 503
259 531
259 532
259 533
259 534
259 571
259 580
259 589
259 620
259 623
259 638
259 639
259 699
259 714
259 727
259 732
259 733
259 744
259 753
259 755
259 756
259 757
259 758
259 783
259 790
259 793
259 795
259 828
259 830
259 831
259 832
259 839
259 850
259 864
259 886
259 891
259 947
259 953
259 986
259 992
259 999
259 1001
259 1006
259 1007
259 1022
259 1027
259 1030
259 1031
259 1033
259 1034
259 1089
259 1123
259 1139
259 1140
259 1141
259 1182

260 656
260 657
260 879

261 974
261 975
261 976

262 460

263 1067
263 1068

264 265

265 780

266 494

267 436
267 437
267 438
267 589
267 592

268 437

269 436
269 437
269 438

270 585
270 660

271 334

272 1067
272 1068

273 33
273 412
273 413
273 414
273 509
273 616
273 641
273 643
273 674
273 879
273 964
273 965
273 973
273 974
273 975
273 976
273 978
273 991
273 1031
273 1033
273 1035
273 1110

274 494

275 279

276 520

277 380
277 415
277 479
277 531
277 532
277 533
277 534
277 620
277 757
277 832
277 850
277 953
277 986
277 992
277 1006
277 1140
277 1141

280 953
280 1136

281 282
281 380
281 470
281 491
281 494
281 503
281 554
281 732
281 953

282 732
282 733
282 953

283 503
283 804

284 494
284 974
284 975
284 976
284 978

285 286
285 391
285 392
285 393
285 394
285 618

286 391
286 392
286 393
286 394
286 618

287 380
287 623
287 732
287 733
287 953
287 992
287 1006
287 1007
287 1123
287 1140
287 1182

288 503
288 974
288 975
288 976
288 1022
288 1031

289 975
289 1011
289 1034
289 1035

290 436
290 1034

292 334

293 1040

294 891
294 893
294 901
294 1030
294 1076
294 1081
294 1094
294 1095
294 1096

295 879

296 1081
296 1082

297 580

298 660
298 804
298 819
298 865
298 966
298 1052
298 1075
298 1081
298 1082
298 1094
298 1096

299 585

300 659
300 674
300 677
300 966

301 304
301 305
301 695
301 735

303 589
303 592

306 1184

307 465
307 470
307 487
307 488
307 502
307 520
307 732
307 733

309 875
309 890

310 437
310 719
310 922
310 1078
310 1100

311 1067

313 446
313 578
313 585

314 942
314 1096

315 316

317 1067

318 418
318 505
318 506
318 507
318 657
318 975
318 976
318 1031

319 506
319 507
319 975
319 976

321 322

322 974
322 975
322 976
322 1070

323 975
323 976
323 1031

324 974
324 975
324 976

325 975
325 976

326 387
326 559

327 387

328 380
328 832

329 589

330 1159
330 1161

331 332

332 1181

333 674

334 335
334 551
334 638
334 963
334 1138
334 1148

335 104
335 121
335 205
335 307
335 334
335 376
335 460
335 472
335 487
335 494
335 498
335 520
335 551
335 554
335 698
335 732
335 733
335 804
335 829
335 961
335 962
335 1031
335 1046
335 1105
335 1117
335 1132
335 1139
335 1148
335 1184

336 558
336 560
336 1155
336 1157
336 1158
336 1159
336 1165

337 341
337 1164
337 1165

338 903
338 1159
338 1161

339 1157
339 1161

340 972
340 1159
340 1165

341 903
341 1159
341 1164

342 939
342 1160

343 1158
343 1164

344 559
344 560
344 918
344 920
344 926
344 1155
344 1159
344 1161
344 1162

345 1157
345 1164

346 965

347 660
347 879

348 351
348 380
348 548
348 582
348 589
348 592
348 593
348 728
348 729
348 730
348 731
348 732
348 733
348 734
348 753
348 832
348 845
348 953

349 380
349 547
349 562
349 589
349 592
349 593
349 728
349 729
349 731
349 732
349 733
349 754
349 784
349 832
349 839
349 953
349 1022
349 1046
349 1078
349 1184

351 380
351 832

352 954

355 387

356 1069

357 753

358 699

359 594

360 1081

361 659

362 928
362 957
362 1038
362 1043
362 1178

363 519
363 681
363 964
363 973
363 1038
363 1043
363 1178

364 518
364 519
364 606
364 607
364 609
364 610
364 964
364 1038
364 1043
364 1178

365 893

366 1113

367 1113

368 1113

369 1113

370 1113

371 1113

372 1113

373 1113

374 1113

375 1161

376 517
376 520
376 547
376 550
376 753
376 953
376 1006

377 547
377 549
377 551
377 587
377 952

378 520
378 580

379 580

380 415
380 433
380 470
380 477
380 479
380 487
380 488
380 496
380 520
380 531
380 532
380 533
380 534
380 547
380 548
380 549
380 556
380 578
380 587
380 620
380 623
380 699
380 727
380 732
380 733
380 753
380 757
380 790
380 828
380 829
380 832
380 833
380 839
380 850
380 862
380 881
380 882
380 943
380 953
380 962
380 986
380 992
380 999
380 1006
380 1007
380 1081
380 1089
380 1123
380 1139
380 1140
380 1141
380 1182
380 1184

381 520
381 580

382 332
382 825
382 984

384 332

385 332

386 560
386 903

387 27
387 33
387 206
387 475
387 675
387 827
387 903

391 392
391 393
391 394
391 618

392 393
392 394
392 618

393 394
393 618

394 618

395 659

396 415

397 470
397 520

399 400
399 565
399 605
399 647
399 874
399 875
399 879
399 957
399 974
399 976
399 1031
399 1070

400 879

401 880

403 405
403 406
403 436
403 437
403 438
403 439
403 503
403 1031

404 503
404 1031

406 646
406 957

407 974
407 975
407 1190

408 954

409 444
409 954

410 433

415 479
415 531
415 532
415 533
415 534
415 620
415 757
415 832
415 850
415 953
415 986
415 992
415 1006
415 1035
415 1140
415 1141

417 804

418 1031

419 975
419 976

420 1139

422 976

423 578
423 728
423 730
423 732
423 733
423 752
423 853
423 857

424 426
424 427
424 428
424 430
424 431
424 445
424 446
424 447
424 578
424 580
424 582
424 585
424 705
424 891
424 1031
424 1052
424 1060
424 1081
424 1091
424 1100
424 1174

425 445
425 446
425 447
425 578
425 580
425 582
425 585
425 1052

426 427
426 428
426 430
426 431
426 705
426 1091
426 1174

427 430
427 431
427 482
427 705
427 1091
427 1174

428 430
428 431
428 482
428 705
428 1091
428 1174

429 832

430 431
430 705
430 1091
430 1100
430 1113
430 1174

431 482
431 705
431 1091
431 1100
431 1174

432 660

433 864

434 435
434 732
434 733

436 440
436 630
436 631
436 635
436 636
436 821
436 988
436 1054
436 1055
436 1056
436 1057

437 440
437 630
437 631
437 635
437 636
437 693
437 694
437 707
437 708
437 709
437 870
437 873
437 874
437 1023
437 1054
437 1055
437 1057

438 440
438 630
438 631
438 635
438 636
438 708
438 988
438 1023
438 1054
438 1057

439 635
439 693
439 694
439 1057

442 554
442 1113

443 828

444 825
444 826

445 237
445 447
445 580
445 581
445 582
445 585
445 587
445 658
445 659
445 660
445 661
445 795
445 796
445 879
445 891
445 1022
445 1081
445 1094
445 1095
445 1096

446 536

447 580
447 585
447 658
447 659
447 660
447 661
447 795
447 796
447 891
447 1052
447 1076
447 1081
447 1094
447 1095
447 1096
447 1104
447 1118
447 1188

448 465

449 465

450 460
450 461

452 454
452 455
452 456
452 485
452 629

453 454
453 455
453 456

454 456
454 457
454 481
454 483
454 485
454 629
454 732
454 733
454 1090
454 1100

455 456
455 457

456 481
456 485
456 629
456 958
456 1090

458 459
458 460
458 461

459 460
459 461

460 461
460 502
460 504
460 550
460 562
460 732
460 733
460 839
460 853
460 952
460 953
460 999
460 1001
460 1030
460 1031
460 1033
460 1034
460 1046

461 464
461 465
461 472
461 473
461 474
461 502
461 504
461 732
461 952

462 463

463 502
463 503

464 465

465 477
465 487
465 488
465 502
465 503
465 504
465 800
465 832
465 839
465 953
465 1003
465 1035
465 1046

466 467

467 502
467 503
467 562
467 932
467 1009
467 1132

468 469
468 470

469 470

470 502
470 503
470 562
470 795
470 832
470 953
470 1001
470 1030
470 1031
470 1059
470 1139

471 472

472 502
472 504
472 520
472 732
472 829
472 1031
472 1033
472 1034
472 1114

473 474

474 502
474 510
474 1143

475 387

476 965
476 974

477 502
477 504
477 520
477 547
477 732
477 733
477 832
477 953

478 783
478 953

479 531
479 532
479 533
479 534
479 620
479 757
479 832
479 850
479 953
479 986
479 992
479 1006
479 1140
479 1141

480 661
480 879

481 483
481 484
481 485
481 585
481 629
481 717
481 718
481 1021
481 1047
481 1048
481 1090
481 1100

482 879

483 629
483 1100

485 481
485 629
485 717
485 1100

486 1070

487 502
487 503
487 504
487 554
487 711
487 732
487 733
487 804
487 832
487 942
487 1006

488 502
488 503
488 504
488 554
488 732
488 733
488 832
488 942
488 953

489 554
489 732
489 753

490 523
490 578
490 674
490 688
490 891
490 949
490 978

491 494
491 537
491 538
491 539
491 540
491 541
491 542
491 543
491 544
491 545
491 687
491 916

492 804
492 958
492 1068

493 1068

494 537
494 538
494 539
494 540
494 541
494 542
494 543
494 544
494 545
494 614
494 687
494 728
494 729
494 730
494 731
494 732
494 733
494 734
494 757
494 828
494 832
494 953
494 1146
494 1176
494 1177
494 1181

495 554
495 1022

496 547
496 551
496 753
496 754

500 674
500 675
500 676

501 674
501 675
501 676

502 82
502 307
502 460
502 465
502 477
502 487
502 488
502 732
502 733
502 800
502 829
502 832
502 952
502 953
502 999
502 1001
502 1026
502 1030
502 1031
502 1033
502 1034
502 1035
502 1046
502 1059
502 1113

503 283
503 380
503 416
503 470
503 487
503 488
503 520
503 554
503 699
503 732
503 733
503 771
503 780
503 804
503 832
503 833
503 942
503 953
503 958
503 999
503 1001
503 1025
503 1030
503 1031
503 1033
503 1034
503 1059
503 1113

504 307
504 487
504 488
504 502
504 520
504 554
504 732
504 753
504 829
504 952
504 1001
504 1025
504 1031
504 1033
504 1145

505 506
505 589
505 592
505 657
505 974
505 975
505 976
505 1011
505 1031
505 1070

506 975
506 976

507 592
507 975
507 976

509 33
509 674
509 676
509 973
509 974
509 975

510 33
510 1031
510 1110

512 1113

513 1100

517 732
517 1031

518 519

520 521
520 562
520 563
520 600
520 619
520 728
520 732
520 733
520 753
520 832
520 839
520 844
520 864
520 943
520 944
520 951
520 953
520 999
520 1002
520 1003
520 1004
520 1017
520 1018
520 1022
520 1029
520 1030
520 1033
520 1034
520 1059
520 1139
520 1176

522 1155
522 1158
522 1160
522 1161

525 661
525 880

526 658

527 880

528 975

530 918

531 532
531 533
531 534
531 620
531 757
531 832
531 850
531 953
531 986
531 992
531 1006
531 1140
531 1141

532 533
532 534
532 620
532 757
532 832
532 850
532 953
532 986
532 992
532 1006
532 1140
532 1141

533 534
533 620
533 757
533 832
533 850
533 953
533 986
533 992
533 1006
533 1140
533 1141

534 620
534 757
534 832
534 850
534 953
534 986
534 992
534 1006
534 1140
534 1141

535 853

537 541
537 544

538 541
538 542
538 544

539 543
539 545

540 541
540 542
540 544

541 544

542 544

543 545

547 551
547 587
547 732
547 733
547 753
547 952
547 968
547 1139

548 1006
548 1139
548 1140

549 732
549 733

550 121
550 133
550 134
550 195
550 205
550 349
550 460
550 496
550 549
550 551
550 556
550 589
550 626
550 674
550 732
550 733
550 828
550 829
550 842
550 944
550 945
550 948
550 961
550 962
550 1046
550 1105
550 1132
550 1139
550 1184

551 638
551 753
551 952
551 1139
551 1141
551 1148
551 1182

552 669
552 674
552 974
552 975
552 976
552 978

553 554

554 711
554 732
554 733
554 832
554 1000
554 1022
554 1031

555 674
555 675

556 732
556 733
556 754

559 1155

560 613
560 918
560 920
560 1155
560 1159
560 1161
560 1167

561 661

562 60
562 62
562 82
562 118
562 120
562 132
562 133
562 134
562 195
562 237
562 349
562 398
562 467
562 498
562 520
562 556
562 592
562 652
562 754
562 828
562 839
562 840
562 864
562 962
562 1046
562 1059
562 1078
562 1132

564 1081

566 642

567 1100

568 674
568 675
568 676
568 677
568 875

569 674
569 675
569 676
569 677
569 875

570 674
570 675
570 676
570 677
570 875

571 578
571 589
571 591
571 592
571 715
571 853

572 589
572 592

573 591
573 592
573 978

574 595
574 596
574 795

575 582
575 594
575 798
575 800

576 591
576 978

577 595
577 596

578 588
578 660
578 848
578 891
578 904
578 905
578 909
578 953
578 1096
578 1127

579 1096

580 171
580 585
580 586
580 659
580 891
580 904
580 905
580 906
580 907
580 908
580 909
580 1096
580 1097
580 1099
580 1100

581 574
581 575
581 577
581 582
581 660
581 661
581 879
581 945
581 1154

582 445
582 575
582 585
582 599
582 660
582 661
582 720
582 879
582 891
582 1100
582 1101
582 1154
582 1177
582 1178
582 1179
582 1180
582 1181
582 1182

583 848

584 870
584 884
584 1076
584 1096

585 445
585 576
585 580
585 587
585 591
585 669
585 780
585 786
585 978
585 1031
585 1047
585 1048
585 1049
585 1078
585 1096
585 1100

586 571
586 658
586 659
586 878
586 879
586 1088

587 94
587 638

588 1096

589 64
589 68
589 78
589 101
589 267
589 328
589 349
589 353
589 354
589 507
589 524
589 591
589 616
589 637
589 715
589 750
589 838
589 843
589 911
589 912
589 913
589 914
589 946
589 974
589 975
589 989
589 1031
589 1035
589 1055
589 1070
589 1087
589 1139

590 48

591 47
591 48
591 267
591 592
591 612
591 616
591 656
591 914
591 975
591 978
591 1032
591 1047

592 64
592 267
592 349
592 353
592 507
592 637
592 750
592 832
592 838
592 843
592 911
592 912
592 913
592 1031
592 1055
592 1070

594 269
594 359
594 800
594 843
594 1177

595 48
595 57
595 267
595 505
595 507
595 707
595 975
595 1185

596 505

597 188

599 247

601 661

603 660

604 660

605 33

606 607
606 609
606 610

607 609
607 610

608 1169

609 610

611 974

612 674
612 974

613 1159

614 494

615 231
615 500
615 675

616 818
616 979

620 757
620 832
620 850
620 953
620 986
620 992
620 1006
620 1140
620 1141

621 938
621 1177
621 1178
621 1180
621 1181
621 1182

623 732
623 733
623 953
623 992
623 1006
623 1007
623 1123
623 1140
623 1182

624 661

625 12
625 265
625 1060

626 1184

627 1033

628 974
628 975

633 632

634 757

635 821

637 795

638 699
638 747
638 1006
638 1139
638 1148

639 699
639 747
639 1006

641 642
641 981
641 1031

643 699
643 828
643 1035

645 870

646 875

647 875
647 994

648 30
648 231
648 501
648 674
648 675
648 676
648 677
648 807
648 808
648 809

649 1031

650 1089

651 965
651 974
651 975
651 978
651 1067

652 829
652 862

653 804
653 845
653 1139
653 1140

655 1046
655 1184

656 657
656 879
656 1016

657 785
657 879

658 659
658 660
658 661
658 662
658 663
658 674
658 878
658 879
658 880
658 1012
658 1035
658 1088

659 660
659 661
659 662
659 878
659 879
659 880
659 904
659 906
659 909
659 933
659 1088
659 1135

660 661
660 667
660 668
660 789
660 878
660 879
660 966
660 1022
660 1044
660 1181

661 692
661 710
661 762
661 763
661 764
661 765
661 766
661 767
661 768
661 787
661 789
661 866
661 878
661 879
661 966

662 786
662 878
662 879
662 966

664 665
664 666

665 666

666 974
666 975

669 552
669 770
669 936
669 1031
669 1056

671 1040

672 1033
672 1034

674 688
674 689
674 732
674 733
674 807
674 808
674 875
674 973
674 975
674 994
674 1151
674 1183

675 807
675 808
675 875

676 807
676 808
676 875
676 994

677 807
677 808
677 875

680 1049
680 1100

681 973

682 1034

686 851
686 1081

688 674

690 974
690 975

691 974
691 975
691 976

693 975
693 976

696 1081

699 57
699 202
699 571
699 643
699 848

700 33

701 878

702 974
702 975
702 976
702 978

703 987
703 1067

705 1091
705 1174

706 898

712 1031

713 975
713 976

714 12
714 974
714 975
714 976
714 978
714 1040

715 853

716 1096

717 1100

719 1022

721 742

722 976

723 976

724 879
724 1031
724 1033

726 732
726 733

728 729
728 730
728 731
728 732
728 733
728 734
728 800
728 915
728 1031

729 730
729 731
729 732
729 733
729 734
729 800
729 915
729 1031

730 731
730 732
730 733
730 734
730 800
730 915
730 917
730 1031

731 732
731 733
731 734
731 800
731 829
731 915
731 1031

732 12
732 733
732 734
732 804
732 828
732 832
732 839
732 861
732 915
732 925
732 953
732 992
732 1006
732 1007
732 1022
732 1031
732 1033
732 1059
732 1067
732 1068
732 1078
732 1100
732 1105
732 1113
732 1123
732 1140
732 1141
732 1182

733 734
733 828
733 832
733 839
733 915
733 953
733 992
733 1006
733 1007
733 1031
733 1033
733 1059
733 1067
733 1068
733 1078
733 1100
733 1105
733 1123
733 1140
733 1182

734 1031

736 832
736 839

744 753

745 975
745 1020

746 1096

749 935

751 1071

752 860
752 955

753 756
753 801
753 848
753 948
753 953
753 1006
753 1007
753 1022
753 1141
753 1184

754 801
754 1046

755 756
755 793
755 854
755 1042

756 793
756 854
756 1042

757 832
757 850
757 953
757 986
757 992
757 1006
757 1140
757 1141

758 953

759 879
759 974
759 975
759 1070
759 1190

761 231
761 500
761 674

770 936

771 804

772 803
772 1033

773 974

774 779

775 778
775 978
775 1067

776 1177

777 879

778 978
778 1067

780 915
780 1033
780 1034

781 1067
781 1068

782 1067

789 57
789 64
789 359
789 362
789 364
789 415
789 779
789 853
789 863

790 863

791 975
791 976

792 975
792 976

793 37
793 246
793 259
793 494
793 520
793 715
793 755

794 82
794 94
794 171
794 246
794 259
794 445
794 520
794 715
794 869

795 487
795 491
795 494
795 796
795 891
795 953
795 1011
795 1031
795 1081
795 1094
795 1096

796 891
796 1081
796 1094
796 1096

797 246
797 715

798 259

799 94
799 869
799 1039
799 1153

800 259
800 502
800 715
800 879
800 888
800 1096
800 1100

801 259
801 753
801 1046

802 402

803 804
803 1033

804 832
804 853
804 958
804 1000
804 1001
804 1022
804 1033
804 1059
804 1139
804 1140
804 1179
804 1182
804 1184

807 30
807 231
807 501
807 674
807 675
807 676
807 677
807 808
807 809

808 30
808 231
808 501
808 674
808 675
808 676
808 677
808 809

809 30
809 231
809 501
809 674
809 675
809 676
809 677

810 1100

811 1100

812 1100

813 1100

815 1100

816 1100

817 1100

819 865
819 1052
819 1075
819 1081
819 1082
819 1094
819 1096

820 1100

821 1055

822 1100

823 1100

824 833
824 1148

825 954
825 984

826 954
826 984

828 845
828 891
828 1022
828 1081
828 1096

829 832
829 845
829 946
829 1022
829 1029
829 1031
829 1139
829 1184

830 21
830 517
830 845

831 1033
831 1034

832 845
832 850
832 953
832 958
832 961
832 986
832 992
832 1001
832 1006
832 1031
832 1033
832 1121
832 1140
832 1141

833 1148

834 1059

836 1022

839 551
839 1078
839 1100

840 962

845 1142

846 893

847 889
847 1136

848 1031
848 1080
848 1139

850 953
850 986
850 992
850 1006
850 1140
850 1141

851 985
851 1081

853 57
853 571
853 885

855 856

856 882

857 860

860 868

862 953

863 925
863 1033

864 1001
864 1184

865 1052
865 1075
865 1081
865 1082
865 1094
865 1096

867 962

873 975
873 976
873 1061

874 1061

875 994
875 1015

876 966
876 967
876 975
876 1055

878 879
878 1088

879 880
879 897
879 914
879 1035
879 1088
879 1107
879 1133
879 1181

880 979
880 980
880 981
880 982
880 983
880 1134

883 891

884 1081

887 921

891 578
891 893
891 894
891 901
891 1048
891 1076
891 1081
891 1094
891 1095
891 1096
891 1188

893 891

894 1051
894 1076

895 964
895 965
895 974
895 976
895 978

899 33

900 141

901 1094
901 1096

902 1158
902 1161

903 1155
903 1157
903 1158
903 1159
903 1160
903 1161
903 1162
903 1163
903 1164
903 1177

911 188
911 616

913 415

914 47
914 188
914 879

915 487
915 910
915 1060
915 1098

918 1155

919 1155

920 1155

922 975
922 1100

923 927
923 974
923 975
923 976
923 1031

924 975
924 976

925 1033

926 1155
926 1159

927 976

928 957
928 1043

930 1113

931 954
931 1063
931 1069

932 1009

934 399

939 1155
939 1157
939 1159
939 1160
939 1161

940 1159
940 1160
940 1161

941 1164

943 953

948 1046
948 1139
948 1140
948 1141

949 951

950 1150

952 1139
952 1184

953 986
953 992
953 1006
953 1007
953 1022
953 1059
953 1067
953 1068
953 1123
953 1140
953 1141
953 1182
953 1184

954 984

956 978
956 1067

957 1043
957 1070

959 1122

962 1022

964 965
964 974
964 975
964 976

965 974
965 975
965 976
965 988
965 1168

966 674
966 677
966 967
966 975
966 1055

967 1055

968 1046
968 1184

969 1184

974 975
974 976
974 988
974 991
974 994
974 1010
974 1011
974 1028
974 1040
974 1067
974 1068
974 1070
974 1092
974 1093
974 1109
974 1168
974 1169
974 1186
974 1187
974 1190

975 976
975 994
975 1010
975 1011
975 1020
975 1040
975 1061
975 1067
975 1092
975 1093
975 1109
975 1144
975 1169
975 1172
975 1186
975 1187
975 1190

976 991
976 1011
976 1020
976 1036
976 1037
976 1044
976 1061
976 1070
976 1103
976 1127
976 1147
976 1169
976 1189

977 1040
977 1067

978 987
978 988
978 1028
978 1040
978 1056
978 1067
978 1068
978 1131
978 1168
978 1175

985 1081

986 992
986 1006
986 1140
986 1141

987 887
987 978
987 988
987 1067
987 1068
987 1168
987 1171

988 436
988 438
988 965
988 1067
988 1068
988 1168

990 1035

992 1006
992 1007
992 1123
992 1140
992 1141
992 1182

995 998

996 998

997 998

998 1067
998 1068

999 1139

1000 1001

1005 1031
1005 1033
1005 1034

1006 1007
1006 1081
1006 1123
1006 1140
1006 1141
1006 1182
1006 1184

1007 1081
1007 1123
1007 1140
1007 1182

1011 1031

1013 1068

1021 1100

1022 1
1022 62
1022 103
1022 171
1022 259
1022 280
1022 281
1022 357
1022 445
1022 520
1022 660
1022 753
1022 758
1022 828
1022 946
1022 1030
1022 1031
1022 1033
1022 1068
1022 1078
1022 1095
1022 1097
1022 1100

1026 407

1029 1059

1030 1031
1030 1033
1030 1034
1030 1082
1030 1094

1031 1033
1031 1034
1031 1113

1033 1034
1033 1072

1036 1037

1038 1043

1040 1067
1040 1068

1046 75
1046 104
1046 132
1046 133
1046 134
1046 244
1046 349
1046 398
1046 549
1046 592
1046 655
1046 726
1046 753
1046 754
1046 864
1046 911
1046 948
1046 953
1046 1081
1046 1082
1046 1102
1046 1139
1046 1140

1047 1048
1047 1049
1047 1078
1047 1096
1047 1100

1048 1049
1048 1078
1048 1096
1048 1100

1049 1096
1049 1100

1050 1052
1050 1096
1050 1097

1052 660
1052 1053
1052 1075
1052 1081
1052 1082
1052 1094
1052 1096

1058 1184

1059 237
1059 753
1059 754
1059 834
1059 1029
1059 1139

1063 1067
1063 1068
1063 1069

1065 1067
1065 1068
1065 1069

1066 1068
1066 1069

1067 129
1067 272
1067 317
1067 782
1067 953
1067 974
1067 975
1067 1068
1067 1069
1067 1100
1067 1103
1067 1147
1067 1168
1067 1189
1067 1190

1068 149
1068 250
1068 263
1068 272
1068 703
1068 1067
1068 1069
1068 1100
1068 1103
1068 1147
1068 1168
1068 1190

1073 1096

1075 1081
1075 1082
1075 1094
1075 1096

1076 891
1076 1081
1076 1088
1076 1095
1076 1096
1076 1188

1078 1079
1078 1085
1078 1095
1078 1096
1078 1097
1078 1099
1078 1100
1078 1141

1079 1085

1080 1086
1080 1095
1080 1096
1080 1097
1080 1099

1081 1082
1081 1094
1081 1096
1081 1103
1081 1127

1082 1094
1082 1096

1083 1086

1084 1096

1089 602

1091 1174

1094 1095
1094 1096

1095 1096
1095 1097
1095 1100

1096 891
1096 1111

1097 1100

1100 310
1100 585
1100 1048
1100 1049
1100 1188

1106 1122

1108 1170

1112 1113

1115 1139
1115 1184

1116 1139
1116 1184

1119 1120

1123 1140
1123 1182

1124 965
1124 1125
1124 1126

1125 660
1125 965
1125 974
1125 1126

1126 658
1126 660
1126 965
1126 974

1127 33

1128 1100
1128 1129

1129 1100

1139 1140
1139 1184

1140 1141
1140 1182

1148 1153
1148 1184

1152 1156
1152 1159
1152 1160
1152 1161
1152 1162
1152 1164
1152 1166

1153 1184

1155 1157

1156 1159
1156 1160
1156 1161
1156 1162
1156 1164
1156 1166

1159 1160
1159 1161
1159 1162
1159 1164
1159 1166

1160 1161
1160 1162
1160 1164
1160 1166

1161 1162
1161 1164
1161 1166

1162 1164
1162 1166

1164 1166

1184 218
1184 244
1184 349
1184 547
1184 549
1184 551
1184 626
1184 655
1184 944
1184 953
1184 1139

