2483

0 87
0 1477

9 8
9 10
9 45
9 84
9 161
9 204
9 232
9 277
9 281
9 282
9 321
9 352
9 384
9 392
9 417
9 472
9 473
9 494
9 499
9 534
9 544
9 575
9 629
9 659
9 678
9 684
9 685
9 758
9 835
9 879
9 894
9 973
9 1061
9 1062
9 1067
9 1151
9 1164
9 1280
9 1281
9 1295
9 1343
9 1354
9 1371
9 1377
9 1409
9 1418
9 1476
9 1549
9 1554
9 1595
9 1629
9 1635
9 1637
9 1643
9 1723
9 1729
9 1746
9 1778
9 1797
9 1802
9 1803
9 1805
9 1823
9 1834
9 1844
9 1907
9 2077
9 2083
9 2108
9 2111
9 2154
9 2158
9 2164
9 2207
9 2275
9 2285
9 2286
9 2396
9 2411
9 2444
9 2454
9 2455

10 281
10 392
10 472
10 835
10 973
10 1043
10 1164
10 1252
10 1549
10 1746
10 2018

24 2215

25 662

60 14
60 18
60 35
60 39
60 61
60 68
60 104
60 110
60 112
60 114
60 151
60 163
60 175
60 178
60 195
60 199
60 201
60 207
60 217
60 222
60 223
60 232
60 270
60 277
60 293
60 301
60 310
60 320
60 355
60 370
60 383
60 384
60 385
60 394
60 412
60 421
60 431
60 446
60 464
60 469
60 486
60 494
60 511
60 555
60 559
60 577
60 579
60 621
60 629
60 661
60 666
60 669
60 684
60 694
60 696
60 702
60 707
60 715
60 747
60 748
60 759
60 762
60 767
60 768
60 769
60 788
60 794
60 795
60 853
60 854
60 905
60 918
60 919
60 920
60 921
60 922
60 923
60 924
60 925
60 926
60 927
60 947
60 957
60 961
60 983
60 986
60 987
60 1015
60 1026
60 1030
60 1037
60 1046
60 1068
60 1104
60 1107
60 1150
60 1176
60 1190
60 1207
60 1213
60 1219
60 1222
60 1245
60 1264
60 1280
60 1281
60 1296
60 1303
60 1326
60 1332
60 1337
60 1368
60 1379
60 1387
60 1408
60 1421
60 1438
60 1457
60 1459
60 1466
60 1472
60 1504
60 1515
60 1536
60 1554
60 1562
60 1571
60 1572
60 1580
60 1584
60 1602
60 1614
60 1620
60 1629
60 1675
60 1706
60 1758
60 1761
60 1781
60 1795
60 1811
60 1816
60 1826
60 1869
60 1887
60 1898
60 1928
60 1953
60 1959
60 1999
60 2017
60 2021
60 2045
60 2047
60 2049
60 2058
60 2094
60 2118
60 2128
60 2154
60 2158
60 2183
60 2192
60 2197
60 2200
60 2201
60 2202
60 2218
60 2221
60 2228
60 2244
60 2247
60 2252
60 2261
60 2278
60 2284
60 2322
60 2329
60 2340
60 2356
60 2377
60 2388
60 2399
60 2406
60 2419
60 2422
60 2428
60 2434
60 2444
60 2445
60 2453
60 2464
60 2480
60 2482

62 80
62 160
62 240
62 293
62 431
62 494
62 621
62 684
62 697
62 748
62 792
62 798
62 918
62 919
62 920
62 921
62 922
62 923
62 924
62 925
62 926
62 927
62 986
62 1107
62 1219
62 1554
62 1614
62 1670
62 1796
62 1999
62 2420
62 2434

63 41
63 222
63 2208

66 153
66 837
66 1762
66 1987
66 2111
66 2140
66 2395

105 178
105 1204
105 2050

154 2
154 11
154 40
154 90
154 92
154 145
154 170
154 181
154 213
154 223
154 233
154 297
154 384
154 419
154 421
154 422
154 463
154 468
154 475
154 521
154 524
154 527
154 528
154 611
154 613
154 631
154 644
154 666
154 691
154 695
154 696
154 708
154 711
154 715
154 720
154 777
154 811
154 832
154 892
154 978
154 988
154 995
154 1040
154 1101
154 1107
154 1145
154 1148
154 1196
154 1271
154 1279
154 1280
154 1281
154 1284
154 1293
154 1307
154 1309
154 1321
154 1357
154 1362
154 1409
154 1421
154 1425
154 1436
154 1466
154 1483
154 1528
154 1570
154 1651
154 1658
154 1673
154 1687
154 1695
154 1726
154 1752
154 1799
154 1800
154 1801
154 1805
154 1817
154 1832
154 1835
154 1867
154 1888
154 1899
154 1900
154 1902
154 1912
154 1942
154 2005
154 2055
154 2056
154 2062
154 2064
154 2066
154 2067
154 2094
154 2195
154 2196
154 2214
154 2218
154 2278
154 2281
154 2282
154 2285
154 2299
154 2359
154 2361
154 2367
154 2376
154 2378
154 2385
154 2386
154 2399
154 2426
154 2427
154 2429
154 2435
154 2442
154 2458
154 2468
154 2472

161 53
161 90
161 154
161 162
161 213
161 221
161 223
161 295
161 299
161 386
161 414
161 421
161 422
161 429
161 456
161 468
161 503
161 521
161 524
161 527
161 528
161 613
161 691
161 707
161 708
161 712
161 713
161 809
161 832
161 988
161 1037
161 1131
161 1254
161 1270
161 1271
161 1279
161 1280
161 1307
161 1362
161 1447
161 1582
161 1657
161 1726
161 1799
161 1832
161 1835
161 1912
161 2005
161 2063
161 2064
161 2066
161 2094
161 2167
161 2171
161 2281
161 2339
161 2367
161 2399
161 2427
161 2435
161 2439
161 2481

167 104
167 134
167 199
167 223
167 342
167 395
167 397
167 410
167 474
167 530
167 566
167 684
167 701
167 702
167 707
167 819
167 854
167 918
167 919
167 920
167 921
167 922
167 923
167 924
167 925
167 926
167 927
167 1098
167 1155
167 1172
167 1230
167 1251
167 1265
167 1270
167 1277
167 1339
167 1382
167 1390
167 1392
167 1476
167 1483
167 1517
167 1588
167 1607
167 1637
167 1744
167 1808
167 1832
167 1954
167 2021
167 2186
167 2247
167 2281
167 2286
167 2293
167 2404
167 2417
167 2429
167 2444
167 2454

168 43
168 113
168 115
168 154
168 164
168 211
168 284
168 292
168 300
168 353
168 354
168 356
168 395
168 425
168 437
168 458
168 533
168 541
168 542
168 545
168 548
168 552
168 592
168 799
168 804
168 866
168 867
168 882
168 905
168 906
168 907
168 908
168 909
168 910
168 911
168 912
168 913
168 914
168 915
168 916
168 917
168 918
168 919
168 920
168 921
168 922
168 923
168 924
168 925
168 926
168 927
168 939
168 940
168 941
168 942
168 955
168 956
168 979
168 1020
168 1111
168 1114
168 1117
168 1119
168 1135
168 1142
168 1179
168 1251
168 1301
168 1302
168 1304
168 1318
168 1339
168 1351
168 1359
168 1382
168 1405
168 1424
168 1469
168 1475
168 1476
168 1483
168 1517
168 1633
168 1637
168 1669
168 1726
168 1742
168 1796
168 1832
168 1834
168 1839
168 1842
168 1848
168 1849
168 1888
168 1918
168 1919
168 1921
168 1947
168 1954
168 1994
168 2002
168 2129
168 2133
168 2172
168 2281
168 2282
168 2391
168 2406
168 2429
168 2454

169 211
169 918
169 919
169 920
169 921
169 922
169 923
169 924
169 925
169 926
169 927
169 1020
169 1418
169 2185

174 60
174 657
174 658
174 782
174 874
174 1158
174 1194
174 2110
174 2140
174 2141
174 2142
174 2448

190 865

204 38
204 2452
204 2453

212 722
212 723
212 724

215 1715

218 2056
218 2057

219 184
219 194
219 736
219 1295
219 1510
219 1758
219 1951
219 2268

222 178
222 623
222 624
222 1204
222 1205
222 2047
222 2331

225 1660

229 342
229 343
229 1706
229 2337
229 2419

230 368
230 1706
230 2322

232 219
232 543
232 860
232 1009
232 1051
232 1630
232 2216
232 2250
232 2281

233 235
233 339
233 900
233 901
233 902
233 903
233 904

253 256
253 384
253 648
253 801
253 882
253 886
253 1175
253 1353
253 1924

255 648

256 56
256 67
256 207
256 247
256 268
256 333
256 384
256 416
256 439
256 494
256 515
256 565
256 683
256 686
256 687
256 717
256 747
256 805
256 815
256 840
256 844
256 882
256 975
256 976
256 993
256 1043
256 1044
256 1052
256 1084
256 1097
256 1118
256 1252
256 1380
256 1441
256 1451
256 1491
256 1628
256 1641
256 1680
256 1854
256 1938
256 1957
256 2035
256 2044
256 2053
256 2057
256 2077
256 2104
256 2114
256 2159
256 2210
256 2239
256 2406

257 565
257 1484
257 1706
257 2159

258 81
258 248
258 390
258 881
258 1084
258 1484
258 1966
258 2287
258 2332

259 512
259 1484

260 256
260 468
260 882
260 968
260 1581
260 1860
260 2159

261 229
261 253
261 254
261 260
261 1706

262 1706
262 1707

271 1465

349 1353

351 450
351 524
351 1270
351 1297
351 1374
351 1447
351 1745
351 1800
351 2276

361 0
361 8
361 30
361 43
361 51
361 53
361 73
361 74
361 75
361 93
361 96
361 104
361 112
361 161
361 178
361 187
361 197
361 199
361 211
361 213
361 221
361 223
361 233
361 234
361 264
361 270
361 276
361 277
361 305
361 330
361 338
361 340
361 341
361 342
361 343
361 345
361 351
361 354
361 379
361 383
361 387
361 395
361 404
361 421
361 437
361 438
361 468
361 470
361 486
361 488
361 499
361 501
361 530
361 531
361 541
361 550
361 556
361 561
361 566
361 575
361 576
361 577
361 595
361 604
361 613
361 620
361 625
361 627
361 628
361 629
361 644
361 646
361 647
361 651
361 668
361 672
361 679
361 683
361 696
361 710
361 726
361 747
361 763
361 765
361 767
361 793
361 795
361 808
361 820
361 871
361 892
361 899
361 952
361 953
361 956
361 967
361 1010
361 1022
361 1032
361 1038
361 1053
361 1067
361 1069
361 1108
361 1112
361 1113
361 1117
361 1119
361 1133
361 1134
361 1142
361 1154
361 1157
361 1161
361 1167
361 1168
361 1176
361 1177
361 1186
361 1204
361 1223
361 1229
361 1238
361 1239
361 1252
361 1269
361 1274
361 1278
361 1281
361 1288
361 1304
361 1319
361 1330
361 1359
361 1363
361 1372
361 1374
361 1377
361 1383
361 1384
361 1390
361 1423
361 1424
361 1429
361 1430
361 1435
361 1447
361 1468
361 1472
361 1474
361 1476
361 1481
361 1482
361 1483
361 1485
361 1486
361 1496
361 1509
361 1515
361 1527
361 1552
361 1559
361 1560
361 1585
361 1591
361 1596
361 1597
361 1614
361 1615
361 1623
361 1649
361 1660
361 1675
361 1699
361 1700
361 1761
361 1765
361 1777
361 1779
361 1786
361 1791
361 1793
361 1805
361 1815
361 1818
361 1821
361 1834
361 1853
361 1857
361 1858
361 1863
361 1866
361 1869
361 1870
361 1871
361 1872
361 1873
361 1874
361 1905
361 1912
361 1928
361 1935
361 1937
361 1941
361 1946
361 1952
361 1953
361 1960
361 1965
361 1991
361 2014
361 2015
361 2016
361 2019
361 2025
361 2049
361 2088
361 2094
361 2096
361 2109
361 2112
361 2120
361 2130
361 2146
361 2154
361 2159
361 2173
361 2213
361 2218
361 2223
361 2231
361 2251
361 2263
361 2275
361 2276
361 2277
361 2281
361 2282
361 2286
361 2290
361 2292
361 2293
361 2321
361 2347
361 2349
361 2352
361 2353
361 2360
361 2362
361 2366
361 2367
361 2370
361 2375
361 2377
361 2379
361 2383
361 2400
361 2403
361 2406
361 2419
361 2429
361 2431
361 2434
361 2437
361 2444
361 2460
361 2463
361 2467

362 687

363 364
363 2098

364 639

365 1660

366 1660

367 315
367 1184
367 1687
367 2191

368 315
368 384
368 1712

369 639
369 1510

370 1
370 32
370 38
370 59
370 65
370 77
370 79
370 91
370 104
370 130
370 131
370 145
370 162
370 187
370 191
370 203
370 213
370 223
370 231
370 237
370 238
370 250
370 294
370 297
370 304
370 309
370 313
370 316
370 341
370 343
370 350
370 351
370 368
370 379
370 381
370 383
370 384
370 387
370 388
370 389
370 395
370 405
370 421
370 474
370 475
370 476
370 499
370 500
370 541
370 557
370 561
370 575
370 576
370 577
370 583
370 626
370 630
370 641
370 646
370 651
370 653
370 655
370 675
370 684
370 696
370 703
370 705
370 760
370 763
370 765
370 767
370 784
370 796
370 808
370 827
370 846
370 895
370 896
370 899
370 952
370 956
370 964
370 965
370 966
370 967
370 995
370 1018
370 1019
370 1023
370 1024
370 1032
370 1047
370 1060
370 1069
370 1101
370 1132
370 1149
370 1167
370 1168
370 1178
370 1182
370 1195
370 1269
370 1270
370 1271
370 1272
370 1274
370 1279
370 1284
370 1304
370 1322
370 1323
370 1328
370 1329
370 1362
370 1364
370 1374
370 1383
370 1403
370 1433
370 1444
370 1447
370 1454
370 1474
370 1476
370 1478
370 1482
370 1494
370 1495
370 1502
370 1509
370 1521
370 1568
370 1578
370 1649
370 1657
370 1658
370 1659
370 1675
370 1679
370 1712
370 1735
370 1740
370 1757
370 1763
370 1765
370 1782
370 1800
370 1804
370 1805
370 1812
370 1834
370 1835
370 1836
370 1837
370 1857
370 1901
370 1912
370 1913
370 1914
370 1925
370 1927
370 1941
370 1943
370 1952
370 1960
370 1965
370 1981
370 1984
370 2015
370 2022
370 2023
370 2076
370 2082
370 2097
370 2124
370 2159
370 2173
370 2174
370 2194
370 2204
370 2211
370 2219
370 2220
370 2226
370 2242
370 2246
370 2251
370 2270
370 2278
370 2280
370 2281
370 2285
370 2286
370 2293
370 2324
370 2325
370 2337
370 2338
370 2352
370 2354
370 2366
370 2370
370 2387
370 2427
370 2442
370 2457
370 2460
370 2465
370 2467

371 370
371 992

373 144
373 244
373 684
373 1061
373 1174
373 1412
373 1834
373 2226

374 223
374 394
374 577
374 630
374 765
374 767
374 797
374 1281
374 1289
374 1568
374 1832
374 1834
374 1836
374 1837
374 1954
374 2058
374 2088
374 2103
374 2211
374 2418

375 31
375 39
375 70
375 73
375 104
375 154
375 172
375 176
375 301
375 376
375 449
375 474
375 494
375 525
375 574
375 575
375 577
375 585
375 586
375 588
375 651
375 673
375 767
375 784
375 882
375 892
375 986
375 987
375 1097
375 1105
375 1180
375 1187
375 1204
375 1252
375 1269
375 1287
375 1289
375 1343
375 1383
375 1394
375 1409
375 1415
375 1438
375 1457
375 1579
375 1597
375 1614
375 1632
375 1648
375 1666
375 1668
375 1675
375 1687
375 1729
375 1732
375 1743
375 1758
375 1778
375 1834
375 1912
375 2110
375 2140
375 2161
375 2256
375 2281
375 2291
375 2310
375 2406
375 2433

378 383
378 384
378 394
378 630
378 765
378 1447
378 1620
378 1834
378 1837
378 1952

379 104
379 361
379 364
379 365
379 370
379 374
379 378
379 381
379 613
379 684
379 1270
379 1460
379 1531
379 1660
379 1826
379 1827
379 2056
379 2173
379 2281
379 2443

380 311
380 613
380 918
380 919
380 920
380 921
380 922
380 923
380 924
380 925
380 926
380 927
380 2056
380 2058

381 221
381 896
381 1376
381 1660
381 1666
381 1834
381 1854
381 2056
381 2058
381 2173
381 2281
381 2443

382 1185

421 30
421 31
421 32
421 78
421 126
421 168
421 189
421 213
421 236
421 243
421 263
421 297
421 341
421 342
421 343
421 361
421 366
421 401
421 420
421 430
421 447
421 450
421 488
421 498
421 499
421 504
421 538
421 539
421 540
421 590
421 614
421 616
421 617
421 660
421 673
421 682
421 708
421 709
421 726
421 783
421 824
421 861
421 866
421 867
421 874
421 887
421 918
421 919
421 920
421 921
421 922
421 923
421 924
421 925
421 926
421 927
421 946
421 962
421 969
421 996
421 1021
421 1022
421 1120
421 1136
421 1137
421 1146
421 1155
421 1167
421 1176
421 1179
421 1197
421 1204
421 1205
421 1223
421 1252
421 1262
421 1271
421 1273
421 1279
421 1281
421 1284
421 1300
421 1304
421 1339
421 1344
421 1367
421 1397
421 1416
421 1422
421 1479
421 1487
421 1498
421 1583
421 1585
421 1642
421 1656
421 1661
421 1674
421 1696
421 1734
421 1735
421 1739
421 1741
421 1742
421 1796
421 1812
421 1815
421 1832
421 1833
421 1834
421 1839
421 1841
421 1846
421 1888
421 1915
421 1917
421 1944
421 1963
421 1978
421 1982
421 2012
421 2054
421 2079
421 2099
421 2110
421 2120
421 2126
421 2158
421 2178
421 2201
421 2227
421 2246
421 2254
421 2255
421 2267
421 2281
421 2282
421 2286
421 2299
421 2305
421 2367
421 2421
421 2442
421 2445
421 2446
421 2447
421 2456
421 2463
421 2471
421 2474

422 2
422 183
422 206
422 213
422 223
422 341
422 343
422 364
422 613
422 614
422 651
422 765
422 898
422 1155
422 1252
422 1281
422 1649
422 1750
422 1834
422 1865
422 2006
422 2281
422 2299
422 2331
422 2404
422 2438

431 150
431 192
431 201
431 306
431 469
431 494
431 651
431 684
431 759
431 768
431 1332
431 1334
431 1377
431 1380
431 1416
431 1417
431 1418
431 1859
431 1860
431 1861
431 2199
431 2296

436 1353

445 9
445 1761
445 1840

446 1507
446 1761

448 9

462 461

479 874
479 1158
479 1771
479 2110
479 2448

480 91
480 144
480 176
480 268
480 341
480 358
480 375
480 468
480 494
480 497
480 551
480 619
480 650
480 681
480 701
480 762
480 767
480 769
480 963
480 1001
480 1054
480 1082
480 1100
480 1164
480 1184
480 1281
480 1409
480 1411
480 1589
480 1729
480 1824
480 1860
480 1884
480 2040
480 2077
480 2109
480 2198
480 2281
480 2339
480 2404
480 2445
480 2452
480 2453

481 1409

482 91
482 176
482 358
482 494
482 527
482 605
482 667
482 892
482 1121
482 1252
482 1280
482 1333
482 1377
482 1392
482 1569
482 1697
482 1724
482 1744
482 1968
482 2198
482 2281
482 2366
482 2419
482 2444
482 2470

483 91
483 358
483 494
483 495
483 605
483 644
483 1184
483 1377
483 1569
483 1724
483 2071
483 2198
483 2295
483 2312

484 91
484 1184
484 1860

485 207
485 462

486 3
486 5
486 6
486 17
486 49
486 60
486 73
486 82
486 83
486 95
486 132
486 137
486 144
486 166
486 193
486 210
486 211
486 217
486 223
486 228
486 239
486 251
486 252
486 267
486 269
486 272
486 278
486 280
486 283
486 289
486 310
486 311
486 335
486 336
486 342
486 343
486 345
486 346
486 347
486 358
486 361
486 384
486 393
486 406
486 407
486 408
486 409
486 410
486 413
486 444
486 460
486 466
486 468
486 488
486 491
486 493
486 521
486 535
486 546
486 563
486 571
486 584
486 618
486 619
486 625
486 631
486 637
486 640
486 644
486 646
486 647
486 649
486 677
486 684
486 693
486 700
486 702
486 732
486 733
486 754
486 756
486 776
486 785
486 790
486 800
486 806
486 818
486 819
486 828
486 875
486 878
486 879
486 880
486 883
486 889
486 891
486 954
486 961
486 963
486 972
486 978
486 979
486 998
486 1003
486 1004
486 1005
486 1010
486 1027
486 1061
486 1100
486 1121
486 1144
486 1162
486 1167
486 1231
486 1244
486 1250
486 1263
486 1264
486 1270
486 1279
486 1280
486 1282
486 1287
486 1311
486 1321
486 1324
486 1336
486 1338
486 1340
486 1341
486 1343
486 1346
486 1347
486 1348
486 1349
486 1350
486 1351
486 1361
486 1363
486 1364
486 1368
486 1376
486 1379
486 1380
486 1418
486 1419
486 1434
486 1439
486 1445
486 1452
486 1458
486 1459
486 1484
486 1500
486 1503
486 1510
486 1525
486 1526
486 1537
486 1538
486 1553
486 1578
486 1592
486 1600
486 1608
486 1611
486 1618
486 1631
486 1649
486 1687
486 1735
486 1744
486 1752
486 1753
486 1798
486 1802
486 1805
486 1818
486 1860
486 1879
486 1890
486 1904
486 1906
486 1933
486 1934
486 1938
486 1943
486 1961
486 1979
486 1980
486 2004
486 2014
486 2025
486 2039
486 2051
486 2052
486 2067
486 2071
486 2077
486 2107
486 2114
486 2117
486 2125
486 2131
486 2137
486 2138
486 2144
486 2165
486 2198
486 2217
486 2218
486 2225
486 2230
486 2249
486 2253
486 2264
486 2275
486 2276
486 2281
486 2323
486 2330
486 2336
486 2340
486 2344
486 2355
486 2367
486 2389
486 2402
486 2404
486 2410
486 2411
486 2413
486 2419
486 2436
486 2438
486 2440
486 2454
486 2462

487 311
487 347
487 488
487 494
487 976
487 1425
487 2067
487 2117
487 2344
487 2438

488 563
488 701
488 1350
488 2071
488 2091

518 207
518 262
518 546
518 844
518 976
518 1271
518 1351
518 1607
518 1916
518 2281
518 2289

519 207
519 383
519 1280
519 1351
519 1680
519 1916
519 2281

568 2114

609 73
609 306
609 312
609 382
609 574
609 767
609 813
609 1173
609 1252
609 1410
609 1660
609 1852
609 1984
609 2077
609 2105
609 2281

610 306
610 383
610 866
610 867
610 958
610 994
610 1984

611 270
611 474
611 532
611 585
611 586
611 644
611 866
611 867
611 1070
611 1252
611 1747
611 2006
611 2205
611 2281

612 61
612 866
612 867

627 626

629 3
629 41
629 84
629 138
629 154
629 207
629 296
629 302
629 494
629 668
629 697
629 787
629 831
629 857
629 883
629 1007
629 1079
629 1088
629 1093
629 1186
629 1194
629 1533
629 1558
629 1620
629 1629
629 1632
629 1666
629 1693
629 1758
629 1761
629 1877
629 1964
629 2000
629 2001
629 2257
629 2390
629 2397

632 636

633 361
633 636
633 1252
633 1694
633 2281

634 636

635 1259

669 441

670 1939

676 192
676 361
676 494
676 580
676 1161
676 1647

706 735
706 974

727 104
727 585
727 697
727 787
727 1064
727 1295
727 1467
727 2140

729 204
729 1467

736 15
736 72
736 1048
736 1161
736 1554
736 1558
736 2466

737 494
737 1752

738 494
738 1752
738 1932
738 2138

739 1758
739 2205

751 1554

773 223
773 1752

782 9
782 31
782 39
782 96
782 118
782 204
782 282
782 285
782 322
782 325
782 326
782 329
782 335
782 426
782 443
782 474
782 564
782 722
782 723
782 749
782 750
782 777
782 781
782 836
782 843
782 866
782 867
782 1000
782 1040
782 1053
782 1064
782 1203
782 1236
782 1252
782 1415
782 1432
782 1440
782 1565
782 1630
782 1645
782 1646
782 1707
782 1733
782 1755
782 1762
782 1772
782 1773
782 1778
782 1932
782 1950
782 1966
782 1967
782 2007
782 2020
782 2024
782 2077
782 2135
782 2233
782 2248

791 2285

845 731
845 1489

846 33
846 35
846 427
846 451
846 697
846 975
846 1002
846 1082
846 1236
846 1325
846 1488
846 1491
846 1825
846 1856
846 2051
846 2057
846 2077
846 2209

847 35
847 318
847 1490
847 2132
847 2209

848 205

849 35
849 2077
849 2134
849 2281

850 35
850 505
850 1002
850 1189
850 1484

851 1484

853 60
853 81
853 198
853 201
853 309
853 494
853 496
853 552
853 585
853 834
853 1011
853 1184
853 1213
853 1252
853 1303
853 1343
853 1386
853 1423
853 1618
853 1887
853 2161
853 2370
853 2373

854 31
854 52
854 90
854 91
854 107
854 133
854 166
854 188
854 193
854 198
854 200
854 203
854 213
854 221
854 245
854 306
854 307
854 308
854 309
854 341
854 383
854 389
854 392
854 393
854 434
854 438
854 449
854 468
854 494
854 532
854 552
854 575
854 585
854 586
854 587
854 591
854 593
854 613
854 630
854 644
854 684
854 696
854 716
854 764
854 765
854 770
854 772
854 798
854 801
854 864
854 881
854 897
854 964
854 973
854 976
854 1008
854 1011
854 1033
854 1061
854 1062
854 1067
854 1100
854 1125
854 1128
854 1184
854 1252
854 1256
854 1269
854 1303
854 1335
854 1342
854 1343
854 1345
854 1354
854 1358
854 1393
854 1414
854 1415
854 1417
854 1423
854 1450
854 1457
854 1487
854 1578
854 1589
854 1592
854 1594
854 1620
854 1687
854 1706
854 1717
854 1743
854 1752
854 1832
854 1843
854 1852
854 1860
854 1861
854 1868
854 1887
854 1937
854 1956
854 1987
854 2056
854 2071
854 2072
854 2077
854 2078
854 2093
854 2096
854 2112
854 2155
854 2166
854 2269
854 2276
854 2281
854 2370
854 2374
854 2404
854 2419
854 2434
854 2469
854 2470

859 1827

871 918
871 919
871 920
871 921
871 922
871 923
871 924
871 925
871 926
871 927

874 9
874 26
874 204
874 657
874 1823
874 2141
874 2142
874 2205

893 1283
893 1507

894 291
894 384
894 392
894 468
894 489
894 490
894 952
894 1127
894 1283
894 1439
894 1649
894 1672
894 1952
894 2006
894 2014
894 2281
894 2285
894 2459

992 181
992 1937

1002 85
1002 1037
1002 1533
1002 1559
1002 1756
1002 2013

1006 192
1006 195
1006 201
1006 386
1006 507
1006 582
1006 755
1006 768
1006 1008
1006 1034
1006 1035
1006 1037
1006 1334
1006 1416
1006 1418
1006 1492
1006 1572
1006 1824
1006 1859
1006 1860
1006 1861
1006 1928
1006 2073
1006 2265
1006 2285
1006 2321

1007 60
1007 372
1007 541
1007 546
1007 684
1007 768
1007 853
1007 1033
1007 1034
1007 1036
1007 1410
1007 1418
1007 1566
1007 1860
1007 2434
1007 2444

1016 60
1016 1351
1016 1358
1016 1680
1016 1681
1016 1682

1025 120
1025 215
1025 302
1025 582
1025 787
1025 1037
1025 1418
1025 1580
1025 1600
1025 1601
1025 1693
1025 1752
1025 1768

1030 1566
1030 1567
1030 2140

1031 1030
1031 1368
1031 1566

1051 219
1051 232
1051 547
1051 872
1051 1160
1051 1629
1051 2007
1051 2216

1055 324
1055 918
1055 919
1055 920
1055 921
1055 922
1055 923
1055 924
1055 925
1055 926
1055 927
1055 1219
1055 2014
1055 2085
1055 2138

1056 124
1056 317
1056 696
1056 788
1056 837
1056 860
1056 918
1056 919
1056 920
1056 921
1056 922
1056 923
1056 924
1056 925
1056 926
1056 927
1056 1219
1056 1231
1056 1238
1056 1510
1056 1554
1056 1731
1056 2086
1056 2136
1056 2138
1056 2140
1056 2141

1057 494
1057 651
1057 696
1057 1055
1057 1410
1057 1632
1057 2000
1057 2007
1057 2138
1057 2141

1105 1574

1122 1153

1143 1806

1154 71
1154 344
1154 1020
1154 1114
1154 1806
1154 2444

1155 9
1155 71
1155 72
1155 344
1155 383
1155 1020
1155 1114
1155 2071
1155 2444
1155 2451

1158 20
1158 26
1158 285
1158 296
1158 323
1158 327
1158 335
1158 426
1158 520
1158 554
1158 684
1158 697
1158 770
1158 785
1158 1013
1158 1045
1158 1051
1158 1156
1158 1160
1158 1236
1158 1286
1158 1418
1158 1565
1158 1630
1158 1693
1158 1700
1158 1721
1158 1752
1158 1768
1158 1993
1158 2000
1158 2007
1158 2024
1158 2036
1158 2086
1158 2127
1158 2139
1158 2141
1158 2205
1158 2240
1158 2396
1158 2411
1158 2455

1171 411
1171 594

1172 411
1172 594

1180 413
1180 1675
1180 1780

1186 377

1187 60
1187 96
1187 573
1187 697
1187 1219
1187 1252
1187 1325
1187 1467
1187 1793
1187 1856
1187 1922
1187 1923
1187 2076
1187 2109
1187 2281

1194 9
1194 57
1194 204
1194 232
1194 276
1194 285
1194 321
1194 374
1194 384
1194 478
1194 520
1194 722
1194 723
1194 724
1194 802
1194 875
1194 1006
1194 1035
1194 1153
1194 1192
1194 1274
1194 1432
1194 1563
1194 1691
1194 1752
1194 1755
1194 1768
1194 1877
1194 2024
1194 2040
1194 2299
1194 2411
1194 2454

1204 854
1204 976
1204 1142
1204 1231
1204 1238
1204 1806

1205 1142
1205 1238

1206 1235
1206 1236

1207 1232
1207 1236
1207 1241
1207 1244
1207 1956

1208 1240

1209 977
1209 1234
1209 1235
1209 1236
1209 1514

1210 701
1210 1232
1210 1241
1210 1244

1211 701
1211 1199
1211 1210
1211 1439

1212 611
1212 2211

1213 1206
1213 1207
1213 1607
1213 1706

1214 1351

1215 23
1215 431
1215 1006
1215 1417
1215 1418

1216 494
1216 1034

1217 422
1217 918
1217 919
1217 920
1217 921
1217 922
1217 923
1217 924
1217 925
1217 926
1217 927

1218 813
1218 1852

1219 383
1219 521
1219 1206
1219 1207
1219 1209
1219 1236
1219 1241
1219 1249
1219 1559
1219 2163
1219 2473

1220 1236
1220 1241

1221 143
1221 613
1221 623
1221 642
1221 747
1221 793
1221 881
1221 882
1221 884
1221 962
1221 980
1221 1143
1221 1161
1221 1209
1221 1654
1221 1707
1221 1767
1221 1787
1221 1848
1221 2184
1221 2333
1221 2335

1222 9
1222 361
1222 421
1222 468
1222 644
1222 646
1222 697
1222 905
1222 1204
1222 1205
1222 1206
1222 1209
1222 1325
1222 1447
1222 1637
1222 1856
1222 1930

1224 268
1224 1160
1224 1213

1225 1704
1225 1705

1226 1721
1226 2228

1227 697
1227 1325
1227 1856

1228 854

1231 8
1231 27
1231 55
1231 67
1231 90
1231 104
1231 126
1231 136
1231 137
1231 139
1231 145
1231 178
1231 186
1231 197
1231 199
1231 202
1231 216
1231 222
1231 249
1231 250
1231 266
1231 276
1231 277
1231 301
1231 305
1231 354
1231 370
1231 383
1231 384
1231 391
1231 392
1231 396
1231 404
1231 433
1231 434
1231 464
1231 469
1231 486
1231 499
1231 518
1231 522
1231 562
1231 575
1231 598
1231 600
1231 602
1231 603
1231 610
1231 629
1231 633
1231 636
1231 644
1231 646
1231 654
1231 666
1231 676
1231 680
1231 681
1231 683
1231 684
1231 686
1231 691
1231 692
1231 720
1231 736
1231 755
1231 768
1231 787
1231 788
1231 798
1231 827
1231 836
1231 854
1231 860
1231 883
1231 888
1231 892
1231 967
1231 997
1231 1013
1231 1037
1231 1061
1231 1103
1231 1129
1231 1144
1231 1158
1231 1166
1231 1184
1231 1193
1231 1199
1231 1204
1231 1240
1231 1246
1231 1248
1231 1252
1231 1253
1231 1267
1231 1269
1231 1276
1231 1278
1231 1284
1231 1303
1231 1305
1231 1323
1231 1331
1231 1343
1231 1354
1231 1368
1231 1369
1231 1375
1231 1376
1231 1378
1231 1384
1231 1394
1231 1412
1231 1441
1231 1442
1231 1459
1231 1460
1231 1479
1231 1480
1231 1481
1231 1515
1231 1520
1231 1522
1231 1544
1231 1545
1231 1546
1231 1561
1231 1576
1231 1578
1231 1615
1231 1620
1231 1625
1231 1627
1231 1649
1231 1664
1231 1666
1231 1701
1231 1763
1231 1769
1231 1778
1231 1813
1231 1840
1231 1879
1231 1911
1231 1928
1231 1930
1231 1932
1231 1934
1231 1935
1231 1937
1231 1940
1231 1952
1231 1956
1231 1992
1231 2044
1231 2047
1231 2056
1231 2057
1231 2058
1231 2071
1231 2072
1231 2089
1231 2092
1231 2094
1231 2095
1231 2100
1231 2101
1231 2112
1231 2113
1231 2141
1231 2146
1231 2161
1231 2211
1231 2219
1231 2238
1231 2239
1231 2243
1231 2274
1231 2276
1231 2281
1231 2283
1231 2291
1231 2297
1231 2322
1231 2331
1231 2340
1231 2413
1231 2429
1231 2432

1232 93
1232 96
1232 155
1232 209
1232 383
1232 1343
1232 1410

1233 148
1233 308
1233 342
1233 613
1233 627
1233 629
1233 691
1233 864
1233 959
1233 976
1233 1248
1233 1457
1233 1717
1233 1937
1233 2088

1234 308
1234 494
1234 561
1234 976
1234 986
1234 1252
1234 1767

1235 308
1235 627
1235 976
1235 1252
1235 2109
1235 2159

1236 27
1236 48
1236 104
1236 145
1236 147
1236 176
1236 190
1236 197
1236 198
1236 273
1236 276
1236 307
1236 383
1236 387
1236 389
1236 465
1236 477
1236 535
1236 544
1236 591
1236 622
1236 629
1236 633
1236 636
1236 651
1236 654
1236 674
1236 684
1236 690
1236 691
1236 696
1236 699
1236 736
1236 761
1236 768
1236 771
1236 812
1236 839
1236 854
1236 873
1236 959
1236 976
1236 983
1236 1001
1236 1058
1236 1066
1236 1067
1236 1076
1236 1097
1236 1107
1236 1142
1236 1147
1236 1171
1236 1199
1236 1201
1236 1246
1236 1248
1236 1281
1236 1287
1236 1288
1236 1305
1236 1323
1236 1368
1236 1377
1236 1410
1236 1412
1236 1442
1236 1457
1236 1514
1236 1561
1236 1612
1236 1667
1236 1717
1236 1769
1236 1778
1236 1834
1236 1850
1236 1851
1236 1925
1236 1933
1236 1934
1236 1958
1236 2000
1236 2022
1236 2044
1236 2047
1236 2061
1236 2093
1236 2112
1236 2138
1236 2140
1236 2184
1236 2281
1236 2301
1236 2340
1236 2373
1236 2382
1236 2455
1236 2478

1237 1061
1237 1418

1238 8
1238 27
1238 104
1238 126
1238 136
1238 137
1238 139
1238 145
1238 178
1238 180
1238 186
1238 190
1238 197
1238 199
1238 202
1238 215
1238 222
1238 249
1238 250
1238 264
1238 266
1238 276
1238 277
1238 354
1238 370
1238 383
1238 384
1238 391
1238 392
1238 433
1238 434
1238 469
1238 470
1238 499
1238 518
1238 575
1238 602
1238 603
1238 615
1238 629
1238 644
1238 646
1238 654
1238 676
1238 684
1238 690
1238 691
1238 692
1238 720
1238 736
1238 768
1238 788
1238 798
1238 827
1238 854
1238 860
1238 883
1238 967
1238 976
1238 985
1238 1013
1238 1037
1238 1048
1238 1061
1238 1066
1238 1142
1238 1152
1238 1158
1238 1166
1238 1170
1238 1184
1238 1193
1238 1200
1238 1204
1238 1213
1238 1240
1238 1252
1238 1253
1238 1264
1238 1267
1238 1269
1238 1276
1238 1278
1238 1284
1238 1285
1238 1303
1238 1305
1238 1323
1238 1331
1238 1338
1238 1354
1238 1368
1238 1375
1238 1376
1238 1410
1238 1412
1238 1437
1238 1442
1238 1457
1238 1479
1238 1480
1238 1481
1238 1515
1238 1546
1238 1578
1238 1614
1238 1627
1238 1649
1238 1664
1238 1763
1238 1778
1238 1792
1238 1795
1238 1806
1238 1827
1238 1883
1238 1928
1238 1934
1238 1937
1238 1939
1238 1940
1238 1943
1238 1948
1238 1952
1238 1953
1238 1956
1238 1992
1238 2044
1238 2057
1238 2089
1238 2094
1238 2095
1238 2100
1238 2101
1238 2112
1238 2113
1238 2138
1238 2141
1238 2159
1238 2169
1238 2179
1238 2192
1238 2193
1238 2239
1238 2243
1238 2274
1238 2276
1238 2281
1238 2297
1238 2317
1238 2322
1238 2331
1238 2340
1238 2413
1238 2429
1238 2432

1239 1377
1239 2215

1240 561
1240 686
1240 755
1240 1208
1240 1287
1240 1288
1240 1649
1240 1988

1241 47
1241 93
1241 96
1241 104
1241 121
1241 145
1241 155
1241 197
1241 198
1241 199
1241 209
1241 216
1241 342
1241 343
1241 374
1241 383
1241 388
1241 489
1241 494
1241 529
1241 553
1241 555
1241 624
1241 645
1241 653
1241 691
1241 768
1241 769
1241 838
1241 967
1241 1034
1241 1037
1241 1061
1241 1062
1241 1063
1241 1142
1241 1152
1241 1242
1241 1252
1241 1253
1241 1269
1241 1343
1241 1377
1241 1395
1241 1410
1241 1412
1241 1413
1241 1428
1241 1457
1241 1459
1241 1620
1241 1666
1241 1778
1241 1826
1241 1937
1241 1953
1241 1956
1241 1986
1241 2014
1241 2017
1241 2080
1241 2094
1241 2112
1241 2140
1241 2143
1241 2158
1241 2181
1241 2281
1241 2340
1241 2449
1241 2453

1244 93
1244 96
1244 145
1244 190
1244 198
1244 209
1244 343
1244 374
1244 383
1244 532
1244 769
1244 826
1244 1058
1244 1061
1244 1242
1244 1248
1244 1252
1244 1253
1244 1298
1244 1343
1244 1411
1244 1412
1244 1561
1244 1743
1244 1943
1244 1956
1244 2044
1244 2140
1244 2274
1244 2281

1246 2
1246 41
1246 60
1246 67
1246 135
1246 179
1246 198
1246 207
1246 342
1246 343
1246 400
1246 468
1246 523
1246 544
1246 627
1246 960
1246 976
1246 983
1246 1139
1246 1141
1246 1171
1246 1188
1246 1280
1246 1323
1246 1405
1246 1519
1246 1572
1246 1592
1246 1637
1246 1855
1246 1893
1246 1950
1246 2114
1246 2239
1246 2281
1246 2299
1246 2300
1246 2322
1246 2425
1246 2453
1246 2464

1247 207

1248 570
1248 1065
1248 1882
1248 2239
1248 2281

1255 558
1255 730
1255 1252

1256 126
1256 182
1256 564
1256 730
1256 881
1256 882
1256 884
1256 1109
1256 1252
1256 1517
1256 1609
1256 1784
1256 1785
1256 1903
1256 2392

1257 126
1257 343
1257 730
1257 1288
1257 1687

1260 665

1261 1194
1261 2013

1292 342
1292 642

1294 60
1294 2140
1294 2141
1294 2142

1295 1326
1295 1520
1295 1758
1295 2000

1305 643
1305 961
1305 1652
1305 1987
1305 2105

1306 643
1306 1633
1306 1987
1306 2105

1317 2406

1326 1295

1332 60
1332 61
1332 69
1332 72
1332 79
1332 89
1332 180
1332 226
1332 516
1332 551
1332 577
1332 599
1332 627
1332 644
1332 656
1332 684
1332 836
1332 976
1332 1039
1332 1149
1332 1150
1332 1198
1332 1245
1332 1343
1332 1346
1332 1501
1332 1524
1332 1920
1332 1935
1332 1937
1332 1988
1332 2087
1332 2119
1332 2120
1332 2228
1332 2358
1332 2368
1332 2393
1332 2414
1332 2422
1332 2477
1332 2479

1354 1351
1354 1352
1354 1353

1355 1288

1396 1382
1396 1804
1396 2401
1396 2404

1397 213
1397 341

1398 403
1398 457
1398 606
1398 707
1398 1382
1398 1447
1398 1676
1398 1991
1398 2303

1399 2075

1400 16
1400 379
1400 536
1400 842
1400 981
1400 1111
1400 1482
1400 1837
1400 1935
1400 1988
1400 2140

1401 1110

1402 1390
1402 1400
1402 1401

1427 767
1427 1162
1427 1937
1427 2059
1427 2212
1427 2444

1470 494
1470 2000
1470 2001

1471 1072
1471 2001

1472 274
1472 1154
1472 1252
1472 1677
1472 2281

1473 1154

1501 2027
1501 2028
1501 2029

1510 122
1510 126
1510 134
1510 167
1510 178
1510 222
1510 472
1510 489
1510 494
1510 499
1510 607
1510 652
1510 684
1510 747
1510 779
1510 810
1510 823
1510 869
1510 918
1510 919
1510 920
1510 921
1510 922
1510 923
1510 924
1510 925
1510 926
1510 927
1510 1016
1510 1047
1510 1117
1510 1171
1510 1204
1510 1211
1510 1316
1510 1353
1510 1354
1510 1408
1510 1502
1510 1529
1510 1575
1510 1577
1510 1637
1510 1703
1510 1778
1510 1806
1510 1954
1510 2071
1510 2072
1510 2099
1510 2159
1510 2203
1510 2406

1511 9
1511 250
1511 275
1511 646
1511 869
1511 928
1511 929
1511 930
1511 931
1511 932
1511 933
1511 934
1511 935
1511 936
1511 937
1511 938
1511 943
1511 944
1511 945
1511 1061
1511 1239
1511 1408
1511 1703
1511 1778
1511 2057

1512 126
1512 494
1512 684
1512 1049
1512 1171
1512 1778
1512 1814
1512 2160
1512 2281
1512 2415

1513 794
1513 2211

1514 104
1514 1171
1514 1280
1514 1505

1523 623

1527 833
1527 918
1527 919
1527 920
1527 921
1527 922
1527 923
1527 924
1527 925
1527 926
1527 927
1527 1061
1527 1700
1527 2284

1548 302
1548 2110

1549 10
1549 782
1549 1335
1549 1548
1549 1758
1549 2110
1549 2241
1549 2268

1554 1550
1554 1551

1555 1550
1555 1551

1556 1550
1556 1551

1557 1550
1557 1551

1559 60
1559 62
1559 63
1559 667
1559 1046
1559 1204
1559 1205
1559 1219
1559 1510
1559 1550
1559 1614
1559 1622
1559 1623
1559 1717
1559 1722
1559 1935
1559 1988
1559 1989
1559 1990

1576 1554

1587 1780

1598 60
1598 1600
1598 1935
1598 2289

1599 1980
1599 2110

1602 60

1603 7
1603 104
1603 178
1603 383
1603 384
1603 505
1603 768
1603 770
1603 873
1603 918
1603 919
1603 920
1603 921
1603 922
1603 923
1603 924
1603 925
1603 926
1603 927
1603 1037
1603 1038
1603 1219
1603 1257
1603 1280
1603 1425
1603 1664
1603 1860
1603 1954
1603 2022
1603 2366

1604 383
1604 1037
1604 1620

1605 178
1605 1037

1609 1163
1609 1729
1609 1885
1609 1926
1609 2348
1609 2350
1609 2351
1609 2476

1620 61
1620 235
1620 1280
1620 2073
1620 2112
1620 2140

1621 361

1622 444
1622 629
1622 882
1622 886
1622 918
1622 919
1622 920
1622 921
1622 922
1622 923
1622 924
1622 925
1622 926
1622 927
1622 1252
1622 1290

1623 1290

1624 444
1624 629

1637 74
1637 75
1637 76
1637 164
1637 173
1637 198
1637 211
1637 221
1637 223
1637 224
1637 227
1637 234
1637 305
1637 314
1637 338
1637 340
1637 342
1637 343
1637 345
1637 350
1637 398
1637 399
1637 402
1637 404
1637 422
1637 435
1637 444
1637 450
1637 494
1637 530
1637 605
1637 679
1637 683
1637 701
1637 718
1637 765
1637 826
1637 862
1637 970
1637 976
1637 1006
1637 1037
1637 1069
1637 1100
1637 1115
1637 1116
1637 1117
1637 1123
1637 1133
1637 1186
1637 1196
1637 1204
1637 1205
1637 1230
1637 1280
1637 1321
1637 1330
1637 1343
1637 1365
1637 1390
1637 1424
1637 1447
1637 1472
1637 1475
1637 1492
1637 1495
1637 1534
1637 1607
1637 1610
1637 1621
1637 1636
1637 1690
1637 1698
1637 1699
1637 1729
1637 1752
1637 1761
1637 1796
1637 1802
1637 1814
1637 1821
1637 1891
1637 1946
1637 1955
1637 2077
1637 2079
1637 2115
1637 2145
1637 2168
1637 2175
1637 2177
1637 2218
1637 2223
1637 2276
1637 2279
1637 2282
1637 2286
1637 2303
1637 2321
1637 2379
1637 2406
1637 2417
1637 2419
1637 2444
1637 2454
1637 2466

1638 252
1638 397
1638 720
1638 1447
1638 1637
1638 2077
1638 2079
1638 2286
1638 2450

1639 145
1639 198
1639 252
1639 276
1639 305
1639 341
1639 343
1639 422
1639 892
1639 979
1639 1061
1639 1447
1639 1484
1639 1752
1639 2077
1639 2079
1639 2276
1639 2281
1639 2407
1639 2450

1640 23
1640 316
1640 397
1640 719
1640 1532
1640 2145

1650 648
1650 978
1650 979

1706 12
1706 13
1706 21
1706 152
1706 207
1706 222
1706 384
1706 413
1706 415
1706 483
1706 489
1706 499
1706 535
1706 627
1706 629
1706 666
1706 671
1706 676
1706 696
1706 707
1706 740
1706 767
1706 768
1706 792
1706 799
1706 805
1706 813
1706 882
1706 959
1706 1055
1706 1119
1706 1124
1706 1125
1706 1137
1706 1175
1706 1252
1706 1305
1706 1406
1706 1438
1706 1516
1706 1571
1706 1572
1706 1592
1706 1662
1706 1679
1706 1689
1706 1695
1706 1708
1706 1737
1706 1738
1706 1797
1706 1937
1706 1943
1706 2015
1706 2027
1706 2084
1706 2109
1706 2112
1706 2178
1706 2200
1706 2271
1706 2281
1706 2286
1706 2342
1706 2368
1706 2376
1706 2395
1706 2444
1706 2475

1707 12
1707 182
1707 345
1707 598
1707 627
1707 768
1707 813
1707 870
1707 882
1707 1006
1707 1511
1707 1520
1707 1609
1707 1631
1707 1679
1707 2225

1708 1662

1709 3
1709 4
1709 30
1709 34
1709 35
1709 46
1709 53
1709 54
1709 58
1709 67
1709 84
1709 94
1709 97
1709 100
1709 101
1709 102
1709 108
1709 111
1709 122
1709 128
1709 142
1709 156
1709 159
1709 161
1709 163
1709 167
1709 171
1709 178
1709 193
1709 211
1709 230
1709 242
1709 246
1709 247
1709 249
1709 261
1709 265
1709 266
1709 277
1709 290
1709 306
1709 333
1709 368
1709 387
1709 392
1709 413
1709 418
1709 424
1709 434
1709 440
1709 468
1709 471
1709 479
1709 480
1709 494
1709 496
1709 502
1709 503
1709 508
1709 510
1709 514
1709 517
1709 534
1709 552
1709 567
1709 569
1709 572
1709 575
1709 578
1709 593
1709 596
1709 597
1709 608
1709 659
1709 676
1709 683
1709 684
1709 688
1709 689
1709 697
1709 704
1709 721
1709 747
1709 772
1709 780
1709 782
1709 789
1709 796
1709 797
1709 804
1709 805
1709 812
1709 813
1709 814
1709 818
1709 821
1709 829
1709 830
1709 840
1709 845
1709 851
1709 853
1709 854
1709 856
1709 866
1709 867
1709 882
1709 885
1709 892
1709 899
1709 950
1709 964
1709 975
1709 976
1709 978
1709 981
1709 983
1709 984
1709 985
1709 1017
1709 1029
1709 1042
1709 1048
1709 1071
1709 1073
1709 1078
1709 1081
1709 1085
1709 1086
1709 1087
1709 1089
1709 1090
1709 1091
1709 1094
1709 1095
1709 1096
1709 1097
1709 1099
1709 1102
1709 1130
1709 1143
1709 1151
1709 1158
1709 1159
1709 1175
1709 1183
1709 1184
1709 1187
1709 1202
1709 1203
1709 1248
1709 1252
1709 1257
1709 1268
1709 1275
1709 1310
1709 1325
1709 1342
1709 1354
1709 1356
1709 1368
1709 1377
1709 1379
1709 1383
1709 1386
1709 1388
1709 1391
1709 1408
1709 1410
1709 1416
1709 1428
1709 1438
1709 1442
1709 1448
1709 1461
1709 1508
1709 1539
1709 1540
1709 1541
1709 1542
1709 1543
1709 1544
1709 1545
1709 1546
1709 1547
1709 1571
1709 1572
1709 1590
1709 1600
1709 1607
1709 1616
1709 1617
1709 1618
1709 1619
1709 1628
1709 1629
1709 1633
1709 1641
1709 1655
1709 1663
1709 1664
1709 1671
1709 1680
1709 1682
1709 1684
1709 1685
1709 1686
1709 1692
1709 1696
1709 1702
1709 1713
1709 1748
1709 1749
1709 1751
1709 1762
1709 1763
1709 1769
1709 1806
1709 1819
1709 1820
1709 1821
1709 1826
1709 1828
1709 1830
1709 1832
1709 1834
1709 1852
1709 1860
1709 1864
1709 1875
1709 1876
1709 1878
1709 1883
1709 1924
1709 1938
1709 1956
1709 1957
1709 1975
1709 1979
1709 1988
1709 2009
1709 2041
1709 2046
1709 2071
1709 2076
1709 2093
1709 2107
1709 2110
1709 2112
1709 2114
1709 2122
1709 2123
1709 2151
1709 2153
1709 2155
1709 2159
1709 2166
1709 2171
1709 2191
1709 2192
1709 2209
1709 2224
1709 2225
1709 2237
1709 2239
1709 2271
1709 2281
1709 2288
1709 2291
1709 2292
1709 2307
1709 2315
1709 2316
1709 2318
1709 2319
1709 2332
1709 2357
1709 2366
1709 2369
1709 2372
1709 2381
1709 2395
1709 2402
1709 2406
1709 2410
1709 2428
1709 2444
1709 2453
1709 2464

1710 1420

1711 1943

1714 4
1714 19
1714 27
1714 28
1714 30
1714 31
1714 36
1714 44
1714 60
1714 84
1714 85
1714 93
1714 97
1714 99
1714 101
1714 104
1714 119
1714 122
1714 123
1714 145
1714 158
1714 196
1714 197
1714 205
1714 208
1714 215
1714 220
1714 241
1714 279
1714 322
1714 328
1714 331
1714 332
1714 333
1714 335
1714 383
1714 386
1714 411
1714 412
1714 413
1714 416
1714 441
1714 442
1714 465
1714 495
1714 496
1714 506
1714 510
1714 511
1714 546
1714 561
1714 574
1714 581
1714 588
1714 596
1714 629
1714 630
1714 638
1714 646
1714 650
1714 651
1714 666
1714 676
1714 691
1714 697
1714 698
1714 699
1714 720
1714 731
1714 753
1714 772
1714 774
1714 780
1714 818
1714 823
1714 830
1714 833
1714 840
1714 841
1714 846
1714 851
1714 853
1714 854
1714 856
1714 857
1714 868
1714 890
1714 905
1714 918
1714 919
1714 920
1714 921
1714 922
1714 923
1714 924
1714 925
1714 926
1714 927
1714 975
1714 1004
1714 1006
1714 1012
1714 1016
1714 1025
1714 1028
1714 1043
1714 1045
1714 1048
1714 1059
1714 1074
1714 1075
1714 1077
1714 1080
1714 1081
1714 1083
1714 1085
1714 1088
1714 1091
1714 1092
1714 1121
1714 1122
1714 1130
1714 1138
1714 1141
1714 1144
1714 1158
1714 1183
1714 1252
1714 1253
1714 1266
1714 1295
1714 1313
1714 1350
1714 1353
1714 1368
1714 1370
1714 1379
1714 1407
1714 1425
1714 1426
1714 1431
1714 1438
1714 1441
1714 1442
1714 1443
1714 1446
1714 1453
1714 1454
1714 1455
1714 1456
1714 1502
1714 1541
1714 1564
1714 1572
1714 1626
1714 1628
1714 1629
1714 1632
1714 1634
1714 1665
1714 1680
1714 1681
1714 1683
1714 1684
1714 1694
1714 1706
1714 1717
1714 1723
1714 1724
1714 1725
1714 1727
1714 1754
1714 1761
1714 1762
1714 1763
1714 1768
1714 1789
1714 1806
1714 1809
1714 1810
1714 1832
1714 1860
1714 1864
1714 1881
1714 1908
1714 1911
1714 1936
1714 1938
1714 1945
1714 1992
1714 2003
1714 2034
1714 2043
1714 2044
1714 2049
1714 2074
1714 2102
1714 2114
1714 2170
1714 2187
1714 2190
1714 2191
1714 2209
1714 2232
1714 2234
1714 2241
1714 2271
1714 2272
1714 2275
1714 2281
1714 2286
1714 2309
1714 2311
1714 2312
1714 2316
1714 2319
1714 2320
1714 2332
1714 2334
1714 2341
1714 2395
1714 2402
1714 2406
1714 2410

1715 60
1715 84
1715 85
1715 145
1715 241
1715 412
1715 416
1715 512
1715 668
1715 721
1715 777
1715 807
1715 852
1715 853
1715 854
1715 918
1715 919
1715 920
1715 921
1715 922
1715 923
1715 924
1715 925
1715 926
1715 927
1715 990
1715 1015
1715 1037
1715 1045
1715 1077
1715 1121
1715 1130
1715 1177
1715 1252
1715 1327
1715 1368
1715 1441
1715 1484
1715 1493
1715 1599
1715 1665
1715 1706
1715 1762
1715 1783
1715 1936
1715 2000
1715 2159
1715 2182
1715 2286
1715 2316
1715 2320
1715 2345

1716 27
1716 30
1716 180
1716 208
1716 215
1716 241
1716 269
1716 281
1716 358
1716 416
1716 426
1716 494
1716 499
1716 505
1716 506
1716 512
1716 517
1716 575
1716 651
1716 664
1716 666
1716 721
1716 745
1716 757
1716 786
1716 792
1716 853
1716 854
1716 882
1716 918
1716 919
1716 920
1716 921
1716 922
1716 923
1716 924
1716 925
1716 926
1716 927
1716 967
1716 989
1716 1014
1716 1037
1716 1045
1716 1142
1716 1159
1716 1172
1716 1295
1716 1335
1716 1368
1716 1456
1716 1464
1716 1502
1716 1564
1716 1632
1716 1644
1716 1680
1716 1681
1716 1702
1716 1723
1716 1766
1716 1770
1716 1831
1716 1928
1716 1929
1716 1936
1716 2000
1716 2003
1716 2037
1716 2070
1716 2109
1716 2110
1716 2138
1716 2140
1716 2206
1716 2271
1716 2281
1716 2286
1716 2318

1717 27
1717 28
1717 64
1717 145
1717 168
1717 178
1717 416
1717 468
1717 495
1717 736
1717 812
1717 817
1717 822
1717 1006
1717 1028
1717 1043
1717 1090
1717 1106
1717 1121
1717 1139
1717 1252
1717 1295
1717 1299
1717 1360
1717 1463
1717 1484
1717 1680
1717 1723
1717 1724
1717 1783
1717 1792
1717 1936
1717 2042
1717 2140
1717 2245
1717 2271
1717 2363

1718 98
1718 129
1718 241
1718 335
1718 416
1718 512
1718 572
1718 846
1718 853
1718 854
1718 978
1718 1077
1718 1121
1718 1252
1718 1312
1718 1420
1718 1936

1719 853
1719 854
1719 857
1719 1045
1719 1723
1719 1724
1719 1762

1720 71
1720 178
1720 379
1720 499
1720 620
1720 652
1720 696
1720 697
1720 720
1720 813
1720 1252
1720 1256
1720 1257
1720 1415
1720 1517
1720 1518
1720 1936
1720 2065
1720 2094

1721 128
1721 178
1721 268
1721 286
1721 301
1721 697
1721 757
1721 868
1721 918
1721 919
1721 920
1721 921
1721 922
1721 923
1721 924
1721 925
1721 926
1721 927
1721 991
1721 1037
1721 1138
1721 1325
1721 1456
1721 1677
1721 1769
1721 1824
1721 1829
1721 1831
1721 1856
1721 2157
1721 2420

1722 29
1722 30
1722 31
1722 103
1722 188
1722 277
1722 416
1722 494
1722 803
1722 854
1722 868
1722 1006
1722 1037
1722 1252
1722 1256
1722 1257
1722 1348
1722 1368
1722 1377
1722 1449
1722 1453
1722 1463
1722 1484
1722 1586
1722 1593
1722 1680
1722 1752
1722 1860
1722 1897
1722 1936
1722 2065
1722 2094
1722 2148
1722 2294
1722 2429
1722 2444

1723 60
1723 109
1723 178
1723 246
1723 411
1723 462
1723 468
1723 494
1723 499
1723 559
1723 575
1723 882
1723 884
1723 983
1723 984
1723 1048
1723 1061
1723 1219
1723 1224
1723 1256
1723 1267
1723 1342
1723 1497
1723 1512
1723 1591
1723 1611
1723 1680
1723 1774
1723 1794
1723 1862
1723 1889
1723 1949
1723 2071
1723 2101
1723 2128
1723 2210
1723 2225
1723 2258
1723 2259
1723 2395

1724 432
1724 882
1724 1048
1724 1256
1724 1591
1724 1618
1724 1889
1724 1980
1724 2128
1724 2395

1725 810
1725 882
1725 1723

1726 50
1726 60
1726 272
1726 384
1726 422
1726 528
1726 740
1726 777
1726 825
1726 865
1726 898
1726 970
1726 971
1726 978
1726 1005
1726 1034
1726 1169
1726 1284
1726 1357
1726 1416
1726 1421
1726 1561
1726 1653
1726 1658
1726 1660
1726 1662
1726 1807
1726 1912
1726 2114
1726 2214
1726 2275
1726 2281
1726 2373
1726 2399
1726 2406
1726 2427
1726 2435
1726 2438
1726 2440
1726 2441
1726 2442

1727 128
1727 288
1727 298
1727 743
1727 797
1727 860
1727 975
1727 983
1727 1151
1727 1175
1727 1493
1727 1510
1727 1547
1727 1680
1727 1712
1727 1775
1727 1820
1727 1822
1727 1878
1727 1880
1727 1883
1727 2044
1727 2114
1727 2209
1727 2308
1727 2309
1727 2310
1727 2332
1727 2395

1728 492
1728 676
1728 1151
1728 1295
1728 1438
1728 1775

1730 1617
1730 2060

1736 654

1758 22
1758 157
1758 194
1758 207
1758 810
1758 838
1758 1050
1758 1152
1758 1360
1758 1795
1758 1864
1758 1995
1758 2302

1759 499
1759 1152
1759 1438
1759 1445
1759 1758
1759 2077
1759 2233

1760 60
1760 106
1760 120
1760 194
1760 494
1760 1778
1760 2136
1760 2142

1806 178
1806 624
1806 1126
1806 1204
1806 1343
1806 1677

1864 37
1864 60
1864 146
1864 582
1864 1231
1864 1236
1864 1238
1864 1241
1864 1244
1864 1559
1864 1600
1864 1629
1864 1758

1892 999

1893 513

1894 521
1894 560
1894 1308

1909 30
1909 112
1909 116
1909 119
1909 519
1909 552
1909 585
1909 697
1909 743
1909 804
1909 918
1909 919
1909 920
1909 921
1909 922
1909 923
1909 924
1909 925
1909 926
1909 927
1909 1171
1909 1172
1909 1243
1909 1253
1909 1325
1909 1351
1909 1353
1909 1574
1909 1677
1909 1678
1909 1731
1909 1752
1909 1758
1909 1856
1909 1897
1909 1969
1909 2047
1909 2093
1909 2406

1910 96
1910 176
1910 455
1910 512
1910 585
1910 623
1910 1172
1910 1410
1910 1677
1910 1680
1910 1681
1910 1996
1910 2047
1910 2090

1930 88
1930 117
1930 178
1930 270
1930 320
1930 341
1930 342
1930 343
1930 346
1930 421
1930 433
1930 468
1930 518
1930 551
1930 627
1930 642
1930 669
1930 684
1930 747
1930 755
1930 818
1930 854
1930 1048
1930 1159
1930 1240
1930 1296
1930 1303
1930 1337
1930 1387
1930 1418
1930 1499
1930 1536
1930 1816
1930 1929
1930 1937
1930 1978
1930 2047
1930 2049
1930 2092
1930 2201
1930 2322
1930 2359
1930 2395
1930 2429
1930 2445

1931 468

1932 146
1932 178
1932 276
1932 433
1932 468
1932 518
1932 633
1932 636
1932 669
1932 684
1932 736
1932 766
1932 853
1932 854
1932 905
1932 918
1932 919
1932 920
1932 921
1932 922
1932 923
1932 924
1932 925
1932 926
1932 927
1932 1090
1932 1159
1932 1219
1932 1412
1932 1418
1932 1688
1932 1816
1932 1929
1932 1943
1932 2048
1932 2140
1932 2159
1932 2207
1932 2239
1932 2249
1932 2429
1932 2445

1933 468
1933 1860

1934 144
1934 163
1934 468
1934 654
1934 900
1934 901
1934 902
1934 903
1934 904
1934 918
1934 919
1934 920
1934 921
1934 922
1934 923
1934 924
1934 925
1934 926
1934 927
1934 1826
1934 1860
1934 2114
1934 2239
1934 2422

1935 177
1935 249
1935 320
1935 551
1935 627
1935 642
1935 684
1935 754
1935 813
1935 854
1935 905
1935 1037
1935 1191
1935 1252
1935 1321
1935 1332
1935 1337
1935 1366
1935 1387
1935 1536
1935 1614
1935 1656
1935 1887
1935 1929
1935 2197
1935 2285
1935 2298
1935 2372

1936 627
1936 854
1936 961
1936 983
1936 1139
1936 1887
1936 2197

1988 90
1988 270
1988 384
1988 468
1988 720
1988 768
1988 987
1988 1006
1988 1207
1988 1231
1988 1252
1988 1305
1988 1381
1988 1386
1988 1387
1988 1391
1988 1418
1988 1602
1988 1887
1988 2038
1988 2201
1988 2422
1988 2425

1990 746
1990 854
1990 1040

2008 1380

2009 376
2009 403
2009 1600

2069 2281
2069 2371

2110 9
2110 36
2110 42
2110 57
2110 84
2110 85
2110 86
2110 104
2110 105
2110 120
2110 122
2110 123
2110 127
2110 152
2110 156
2110 165
2110 167
2110 194
2110 203
2110 205
2110 219
2110 246
2110 276
2110 277
2110 282
2110 283
2110 285
2110 287
2110 301
2110 302
2110 319
2110 334
2110 337
2110 341
2110 348
2110 357
2110 359
2110 360
2110 361
2110 374
2110 384
2110 411
2110 423
2110 426
2110 428
2110 452
2110 453
2110 454
2110 455
2110 467
2110 494
2110 499
2110 509
2110 520
2110 537
2110 554
2110 564
2110 605
2110 629
2110 657
2110 659
2110 676
2110 684
2110 691
2110 697
2110 718
2110 725
2110 727
2110 728
2110 741
2110 742
2110 743
2110 744
2110 749
2110 752
2110 775
2110 777
2110 778
2110 785
2110 786
2110 787
2110 792
2110 810
2110 812
2110 816
2110 836
2110 841
2110 842
2110 843
2110 846
2110 855
2110 860
2110 863
2110 876
2110 877
2110 894
2110 948
2110 949
2110 950
2110 951
2110 959
2110 967
2110 973
2110 979
2110 1006
2110 1008
2110 1046
2110 1050
2110 1064
2110 1072
2110 1076
2110 1079
2110 1083
2110 1105
2110 1107
2110 1108
2110 1140
2110 1144
2110 1161
2110 1181
2110 1183
2110 1249
2110 1252
2110 1280
2110 1291
2110 1312
2110 1320
2110 1335
2110 1350
2110 1354
2110 1373
2110 1385
2110 1389
2110 1404
2110 1437
2110 1442
2110 1445
2110 1462
2110 1484
2110 1506
2110 1527
2110 1550
2110 1559
2110 1568
2110 1574
2110 1614
2110 1617
2110 1630
2110 1632
2110 1635
2110 1643
2110 1693
2110 1716
2110 1723
2110 1724
2110 1733
2110 1752
2110 1758
2110 1759
2110 1768
2110 1770
2110 1772
2110 1776
2110 1778
2110 1788
2110 1795
2110 1797
2110 1806
2110 1823
2110 1838
2110 1864
2110 1877
2110 1883
2110 1886
2110 1895
2110 1932
2110 1936
2110 1939
2110 1970
2110 1971
2110 1972
2110 1973
2110 1974
2110 1985
2110 1987
2110 1995
2110 1997
2110 1998
2110 2000
2110 2001
2110 2026
2110 2036
2110 2077
2110 2105
2110 2106
2110 2121
2110 2136
2110 2138
2110 2140
2110 2141
2110 2142
2110 2180
2110 2221
2110 2229
2110 2232
2110 2235
2110 2242
2110 2243
2110 2257
2110 2273
2110 2304
2110 2306
2110 2316
2110 2364
2110 2380
2110 2394
2110 2398
2110 2405
2110 2412
2110 2416
2110 2425
2110 2430
2110 2442
2110 2461

2116 1760

2117 1845
2117 1847
2117 2122

2118 18
2118 1165

2147 697
2147 1325
2147 1637
2147 1856

2148 229
2148 230
2148 1255
2148 1256
2148 1257
2148 1258
2148 1292
2148 1472
2148 1473
2148 1510
2148 1706
2148 1752
2148 2008
2148 2009
2148 2010
2148 2059
2148 2081
2148 2162
2148 2281
2148 2444

2149 589

2150 2281

2151 1682
2151 2156

2152 303
2152 1535

2153 138
2153 151
2153 697
2153 1535
2153 1682

2154 9
2154 1154
2154 1314
2154 1315
2154 1398
2154 1714
2154 1962
2154 2444

2155 1114
2155 1790
2155 2444

2156 1472
2156 1790
2156 2444

2157 2027
2157 2028
2157 2029
2157 2030
2157 2031
2157 2032
2157 2033
2157 2041

2158 9
2158 168
2158 207
2158 768
2158 865
2158 905
2158 1034
2158 1041
2158 1315
2158 1700
2158 2155
2158 2271

2178 123
2178 214
2178 232
2178 285
2178 413
2178 499
2178 601
2178 722
2178 724
2178 802
2178 875
2178 1009
2178 1153
2178 1156
2178 1160
2178 1252
2178 1613
2178 1629
2178 1630
2178 2000
2178 2040
2178 2077
2178 2141

2188 858
2188 2189
2188 2281

2205 60
2205 613
2205 684
2205 1034
2205 1035
2205 1036
2205 1492
2205 1564
2205 1566
2205 1860
2205 1935
2205 2011
2205 2068
2205 2109
2205 2143
2205 2164
2205 2260

2216 219
2216 232
2216 734
2216 1051
2216 1764

2222 411

2234 623
2234 662
2234 1500
2234 2057
2234 2236
2234 2285

2235 662
2235 2234
2235 2380

2237 918
2237 919
2237 920
2237 921
2237 922
2237 923
2237 924
2237 925
2237 926
2237 927

2254 918
2254 919
2254 920
2254 921
2254 922
2254 923
2254 924
2254 925
2254 926
2254 927
2254 1396
2254 1805

2255 140
2255 141

2266 2212

2268 104
2268 928
2268 929
2268 930
2268 931
2268 932
2268 933
2268 934
2268 935
2268 936
2268 937
2268 938
2268 943
2268 944
2268 945
2268 1102
2268 2411
2268 2430

2284 2281

2313 900
2313 901
2313 902
2313 903
2313 904
2313 918
2313 919
2313 920
2313 921
2313 922
2313 923
2313 924
2313 925
2313 926
2313 927
2313 928
2313 929
2313 930
2313 931
2313 932
2313 933
2313 934
2313 935
2313 936
2313 937
2313 938
2313 943
2313 944
2313 945

2314 84
2314 627
2314 1350
2314 2262

2326 468

2327 1252

2328 1115
2328 2176

2331 9
2331 125
2331 213
2331 234
2331 356
2331 422
2331 978
2331 982
2331 1196
2331 1896
2331 2379

2343 1001
2343 1797
2343 2018
2343 2140

2346 60

2365 384
2365 1606
2365 1983
2365 2159

2368 149
2368 151
2368 152
2368 347
2368 549
2368 663
2368 714
2368 948
2368 1573
2368 1937
2368 1973
2368 1976
2368 1977
2368 2068
2368 2260

2369 549
2369 1976

2407 145
2407 185
2407 459
2407 900
2407 901
2407 902
2407 903
2407 904
2407 918
2407 919
2407 920
2407 921
2407 922
2407 923
2407 924
2407 925
2407 926
2407 927
2407 1061
2407 1454
2407 2281

2408 185
2408 459
2408 2384

2409 185

2419 361
2419 370
2419 978

2422 1501
2422 1530
2422 2032
2422 2157

2423 2157
2423 2422

2424 2032
2424 2422

2425 442

2448 347
2448 374
2448 384
2448 585
2448 1446
2448 1758
2448 2416

2455 526
2455 601
2455 788
2455 1152
2455 1160
2455 1236
2455 2000
2455 2240

